     21.0657959498484182    2759.1920076439264449     149.5017034150040445       1.2252518526059220     124.7858250789728913      33.3044749544201224    2759.1920076439264449
     45.7033334068637700     929.5082627135026314      46.7312952510766024       1.7640909815802814      67.0861408551936620      30.2960857741855349     929.5082627135026314
     18.8920855403631123     379.5692737347619072      25.6266602668552821       4.4858539728796103      58.5030589613147782      28.8647806753090457     379.5692737347619072
     22.0535752385066743     398.8654299455047862      25.4446230771882043       0.4187302133744240      55.5683930112746225      28.7837245194419218     379.5692737347619072
     49.2876743124943459     399.2407128256825217      23.9739680423562973       2.5183325831952033      52.6333649634196235      28.6821987646437719     379.5692737347619072
     26.9650318077703162     319.1050640473522435      20.1824171081166774       1.4604226220238132      49.8525862392852517      28.2184886582855441     319.1050640473522435
     20.6258579611482809     279.1720435717376745      17.0629793285002513       0.0015480902314309      47.7589467720376391      28.1115679858161762     279.1720435717376745
     42.2939788655002786     219.0665770128367456      12.9253177393408478       4.5166209354122628      46.0039783981434667      28.0584500840041002     219.0665770128367456
     21.8929075459358700     204.9552928798989058      14.0563403045848485       3.3860427350212348      44.6865840182531073      27.9159531907202734     204.9552928798989058
     39.0578209990197678     177.2179080761398779      12.6539038251558633       0.8106744944328099      43.4845805884099406      27.8791354631608108     177.2179080761398779
     23.9437904068307681     158.8294405891691099      12.9815348858867790       2.6902843703340267      42.4799869713536964      27.7887582033697917     158.8294405891691099
     20.9080348377596117     148.4009473661411107      11.6355911066893789       6.2178261559070762      41.6015039243468010      27.7579631582049373     148.4009473661411107
     21.6667616498983087     154.9367699594038470      11.4395675607524829       0.7567878120847169      40.7909651994014553      27.7397265065673579     148.4009473661411107
     32.9771032524673799     134.6266926143430851      16.3131514374463329       0.0038626140542917      39.9627343933790158      27.7140604215559172     134.6266926143430851
     20.2996869572388654     126.5537770186109725       9.9050463807785256       0.6321547096106812      39.2634234754186480      27.6725598617082795     126.5537770186109725
     52.7155197968171976     127.7547607589511074      10.4744218109166045       4.7486278866475260      38.6163876345425976      27.6575647903305217     126.5537770186109725
     35.7547229083218738     131.4580298792093345       9.7087116783173268       5.8772877561476236      37.9754097308531868      27.5624291199975460     126.5537770186109725
     22.3145427921216886     135.6274796829683567      10.0064148691541401       4.0882612733460491      37.3266182083927660      27.5195797078760762     126.5537770186109725
     30.2358481249750248     106.9452877084184763       8.8019241131397763       4.9857019983667925      36.6642211317066042      27.5026810265626480     106.9452877084184763
     23.8464931356351855     108.9534316580042912       7.9719559143615175       3.0014371333875687      36.1554090419911276      27.4798300592770381     106.9452877084184763
     32.3651482294590380     105.1324206818013067       8.5490116073732700       2.8362157795984757      35.6414673665088912      27.4635789810232716     105.1324206818013067
     35.9732712926270963      89.8472985307936511       7.6055394951544999       2.1286157344132306      35.1540721271843140      27.4406040319277125      89.8472985307936511
     23.1141521833143599      91.5467441366388783       7.5886720670440750       3.6272805927203962      34.7411019551373954      27.4131941873460860      89.8472985307936511
     24.9856096423992646      74.5199976466158915       6.8014349736655655       5.7847685150243962      34.3279386861630798      27.4019980934835274      74.5199976466158915
     42.6686818497333959      73.5875214483116906       6.7484767066036415       3.7601693710369517      33.9963910797363766      27.3922568912403115      73.5875214483116906
     32.9902256523324411      74.0569318041800244      12.7168157653213125       2.7450181436782231      33.6708326944464247      27.3642800884227562      73.5875214483116906
     31.4967065476094703      74.3312050963532585       6.5782144928628528       5.2166376618163923      33.2848832061083755      27.3439733283792812      73.5875214483116906
     38.2880714040893722      66.7735974802961181       6.1141417126600066       0.0632914893888525      32.9641320965851605      27.3305445970406709      66.7735974802961181
     26.3691030200618535      63.9566023127221683       5.9469158696247897       4.4752992956839961      32.6790528757490293      27.3116635059864059      63.9566023127221683
     30.4042423995017899      63.4173179222309997       5.8389285264087460       4.2797392231935163      32.4082513347973347      27.3045946662747916      63.4173179222309997
     40.4868052509583407      50.7139890114399563       5.2547125233353613       2.5127088615611655      32.1417832725260482      27.2924694738535969      50.7139890114399563
     32.8121911767736023      50.7219011726863798       5.3531420391443287       0.4712807802227914      31.9309579708506703      27.2764418209452337      50.7139890114399563
     17.5380310497559542      48.3480656910586575       5.1773940924636470       5.1181659631741496      31.7105214287298516      27.2664677955252408      48.3480656910586575
     36.1705424994801987      41.6253645233615046       4.8818020698304769       5.7254686420399850      31.5122614278680828      27.2639208515399396      41.6253645233615046
     28.1174218987984830      40.5921865051673123       4.3322815026963521       0.1579728240706615      31.3409969195424409      27.2535790436129837      40.5921865051673123
     56.2933975783449583      34.5290824985734091       4.1883177912319614       4.3376522603851271      31.1765425186455900      27.2494024338584566      34.5290824985734091
     36.2720784294842460      33.7231385041725034       4.2067805053169414       4.7300189082219077      31.0364008474933719      27.2291855871388719      33.7231385041725034
     18.6940985316863610      33.4051441198691279       4.0253492996604523       4.3072123876248014      30.8972661971298237      27.2207202782257909      33.4051441198691279
     26.4013999851567469      27.2745771580661689       3.6898653778395061       1.9416852062116021      30.7628869122637312      27.2197278284140616      27.2745771580661689
     60.1177502931293475      24.2701563208023607       3.5470544412166647       3.4387289302597281      30.6533823126405203      27.2161115302416441      24.2701563208023607
     37.3527395962341728      21.7570153784808475       3.2507904230566704       2.8259872794208576      30.5573563021739076      27.2030811480357002      21.7570153784808475
      1.3251035395376649      21.7548736469425315       3.3039156643777683       0.4764108088077634      30.4714270841078267      27.1991181918657965      21.7548736469425315
     39.8663131636433263      20.0207347049566415       3.1130268533663572       2.7960566277672996      30.3858809356360098      27.1991925818970302      20.0207347049566415
     59.6102013617490627      19.2733487659016909       3.0281245418769633       0.7923973841337144      30.3072712861831377      27.1942872772417275      19.2733487659016909
     28.2241161456121610      17.8287665228406347       2.8065548731430572       1.4918841735764516      30.2317796195451436      27.1828464385799258      17.8287665228406347
     56.8824544564142798      17.3844215354740221       2.8219637394874666       4.1176427638331887      30.1607604352063348      27.1794875701403598      17.3844215354740221
     42.3144401541542337      17.1698070194141792       5.9569249982595061       3.4875318495963228      30.0930487041953114      27.1695760609645589      17.1698070194141792
      2.8749689435454622      16.6743223168702386       3.9283198950193565       1.7464211046411009      30.0006991135456502      27.1625795525931615      16.6743223168702386
      0.1424504133728174      16.3697527834559295       6.1904393321499054       1.4664239602471270      29.9360633495341872      27.1625336881553814      16.3697527834559295
     31.2260789761117792      15.6363851075770377       2.9854631608347852       6.0802889212696556      29.8727380937864773      27.1624367585340742      15.6535597745270216
     17.9750230044821677      15.5021561262980789       2.6862732246205483       6.1292777774993539      29.8120012474983049      27.1593198975675207      15.2556197658549841
     52.6707393218252946      15.1474905161963349       3.0948317613905294       4.6637637261940625      29.7521061321496312      27.1584100028868285      14.9131970850327775
     53.4761054365724959      14.1781940204801309       2.6429594359349835       1.3531546903089264      29.6844351165842788      27.1509142811635797      14.1033314214719283
     35.3646518415097830      14.0762253187532398       2.5052288411464576       5.0358124415118510      29.6301077198878140      27.1438699305407098      13.7872724354428264
     45.9152966272283365      12.1061529740204890       2.3579871562814096       4.8317373929515526      29.5761018925730994      27.1414383184317884      12.0971969592701019
     19.5236245606371241      11.4926838085090708       2.3075777411265634       0.3106602450518992      29.5293502325951778      27.1368934720385724      11.3962652761647654
      2.2478881426104160      11.3827900889719924       2.4107732010114424       1.4347441353586845      29.4854756831810718      27.1359295119471007      11.0884442647076451
     27.6025793691248147      11.3850654937512523       2.3320734098251501       2.2756143011923058      29.4421178613138892      27.1359724458726568      10.9108778392158392
     48.4191909862524170      11.2835993839280473       2.2456680190522547       3.2380892433050548      29.3987425529441460      27.1345219750072957      10.7573947006625641
      1.4608022087179189      11.2546968160675167       2.5058514606247866       5.0966104375614378      29.3559254561017688      27.1305603532859827      10.6374147235957146
     20.2152576255067906      10.3640723430262049       2.1756016363253599       4.3898064943262369      29.3124899424024505      27.1305233657604390      10.1785543365989266
      0.0741401102863930       9.9260069210892077       4.6742781138597982       0.6210266616337137      29.2724103780996856      27.1297670713610479       9.7331460587082965
     26.5673999461429453       9.9028435525258391       2.1515476899557733       0.7100377137342591      29.2291552121885196      27.1297583339484198       9.5087284908743079
     27.8726032990779125       9.6122061403327592       2.6020600034849211       4.0498015989199274      29.1906701124967114      27.1288162125788439       9.2563626970734916
     23.9610921276312290       9.3973084869128645       3.3693621058623830       1.4807388063184561      29.1538973903810437      27.1274413847077156       9.0201126807013772
     46.3222881591474902       9.0703810078586571       2.0142186266912829       5.4523135938409979      29.1119496682680818      27.1264882246935635       8.7434899559046695
      1.3889674975441211       8.7151250427662283       2.2534017088261158       3.5146995104299066      29.0777686605835726      27.1231859895799303       8.4280459701701389
     22.7464250071795355       8.5130196543604235       1.8712938973195974       5.8027617387322863      29.0380458295648367      27.1231365120987569       8.1674278854194089
      2.2051827870986931       8.0617266580055293       1.9056638264357608       2.9088492814792488      29.0058256469937028      27.1223720031379614       7.8103394085806697
     34.0762099704723838       7.8811840302830021       1.8525793795465144       0.3675015616557218      28.9751794085028394      27.1223979523494414       7.5432887529629333
     22.5100100450490750       7.8771761132637517       1.9086471207332965       1.9677042358801344      28.9456851659736962      27.1207150296253161       7.3778761070146777
     35.1822706572261339       7.6659939170679863       1.8430924290817243       3.5364251335325179      28.9152965885801585      27.1199240895309899       7.1974379966999553
      6.3117119021098409       7.6336946054131172       1.8129019837864890       4.4920067007681581      28.8863891382499460      27.1183011601725035       7.0619170082312808
     53.7174111458881143       7.5765681594549212       1.6308704435467918       1.9554573233020136      28.8579391842511868      27.1183010944955321       6.9460611079220138
     23.3878601392316234       6.9186388290250607       1.7967485347012737       2.2017238087849336      28.8296709720768689      27.1149919217202680       6.6311035963932072
     29.0505222188887622       6.8885816979536676       1.8682226967527298       1.0722149794549338      28.8035725644589213      27.1143724975775022       6.4400045340892689
     29.2649384901569789       8.0912306294166019       1.8056377467080256       2.0778587432708235      28.7779251789266901      27.1135419705020126       6.4304159398801826
     42.1344476852823391       6.8236852517560180       1.7772534270758344       2.0534272832576761      28.7474410459808638      27.1123276903499999       6.2829483322517490
      0.2073146068877572       6.7740043195739998       4.3602036755553035       1.9010552782140593      28.7209506705610096      27.1105374832332409       6.1614516422240539
      0.2785554322177900      11.9246839058704683       3.2507469431478118       4.4456700454305036      28.6755292847444068      27.1105043704226176       6.1614508930945293
     21.2872159864023835       6.8661947433098618       1.7462056961286212       6.0562811681207478      28.6111542305234927      27.1104024335850902       6.0832266890918261
     27.6707045900681088       6.7711549115240999       1.6448948840892854       0.1452815132600378      28.5852376340399559      27.1100382871719994       6.0021856014122559
     33.3873834929396835       6.5678825152863105       1.6780567374201347       2.1214114207089523      28.5589936218496980      27.1096416536201268       5.8977554103408876
      2.8561138407472448       6.4976614766009311       3.1406236332438948       3.0136994928637222      28.5346168393888782      27.1087983765322953       5.8004138672260233
     61.1234390041110984       6.4726781858042708       1.6407689188778898       4.3222297877712634      28.5047466501848206      27.1088843113934992       5.7166661891015860
     25.8758648117614563       6.3094183496495919       1.6372780881383011       3.7244418405228288      28.4808914442890391      27.1053331947735430       5.6178787522759475
     39.1238680700864592       6.2029838478248376       1.8871855697327289       2.1711866493699716      28.4575846613355665      27.1048949845160685       5.5175246087606267
     25.1082524699593854       6.2139539933078414       1.6698278098892576       0.3268004650402005      28.4330327068768653      27.1030852912397080       5.4379191135233871
     29.6980406620712039       6.1692062232519369       1.6217109315525531       2.4643364684946363      28.4096364884039971      27.1026053236533677       5.3639600473901465
     36.7671441413479485       6.0027935193547961       1.5976605253256015       5.3012243124733942      28.3868591396154137      27.1015444045045868       5.2741601917526095
     23.7733966586367842       5.8424902013028959       1.8150921394811874       5.7448460153735397      28.3647804699046553      27.1008174534539599       5.1702918408831078
     34.5704935858281672       5.7762468088742391       1.5651847051611227       1.0070007148990996      28.3402090979526413      27.1001289921816699       5.0741586162908776
     53.5775657826099874       5.7235627295276297       1.6022203073280465       5.8670410720713591      28.3190177195004686      27.0996311360396618       4.9863141859158979
     39.6870019617381118       5.6197119524391868       1.6247376883358722       3.2394823220732150      28.2971401836774170      27.0974588517469783       4.8954942792276510
     39.3373077868676120       6.0843809715528323       1.6125246279012215       0.7803405916877679      28.2765870437026479      27.0957455506240379       4.8682546559398920
     70.1450604550128816       5.5723135691547725       1.5151185713986997       3.0559029597264242      28.2537515176892100      27.0950917631471881       4.7899184019819838
     24.1428109493852254       5.4724968761486874       1.5395667221680374       0.5964275502868119      28.2334489203390682      27.0913557715884963       4.7079631218254416
      1.5815221479993926       5.3560981934089948       1.5628796982634725       2.2185412525616783      28.2129880082142783      27.0906866265969200       4.6198869102584439
     22.4213035694111973       5.2943469193679062       1.4958959602355846       5.0644406619442890      28.1924543052010108      27.0906833861092693       4.5365252168293155
     31.2905450785224595       5.2740788021226344       1.6752560068276927       3.1790785468822804      28.1728909922154358      27.0901967050992205       4.4635431484745745
     63.3058283913494648       5.1505111152461165       1.4540736008493225       4.7074499097128211      28.1510385791687696      27.0892458309803708       4.3823409347043754
     31.0576158206346911       5.1378014777095187       1.4833987847489960       2.4945450301222962      28.1323289082160350      27.0862208163663212       4.3120818146804147
     59.6632768852051996       5.0643556097646689       1.5663393399572541       5.7565501901170393      28.1134466608528122      27.0854521254355305       4.2413456784678329
     27.8936588937295724       5.0090130602448193       2.0591461200603303       5.1074103119802459      28.0934449497961012      27.0824946403548985       4.1728892427339774
      0.0000000000000000       4.9567259861960382       0.0000000000000000       0.0000000000000000      28.0710202531716391      27.0817777832422095       0.0000000000000000
