     48.0877439039146566    1001.4967206174829926     723.1271703655968395       3.5447871710114640    1017.4858295404817454     306.9533452624505685    1001.4967206174829926
     51.2446407012984793     729.9337284895921130     539.6257205837694073       3.1609409484720317     876.4034356850402219     265.7834923502729225     729.9337284895921130
     41.5302772178467592     744.3391712890282861     491.3181091163712608       4.4143290726990898     789.6813674492939299     237.2431803900241221     729.9337284895921130
     42.4222143522366579     719.5014421891128222     428.4816377027158865       3.0878852627995883     709.9130336107652965     220.1136367072238045     719.5014421891128222
     36.3771919687864553     832.4496418928836192     419.3278190399799428       5.9839795630155805     640.7044357310859368     204.5043273183705139     719.5014421891128222
     44.9396848353082845     662.3775017144017738     320.9374942065009009       0.3841251953365870     567.8350275522811899     194.0026343805061799     662.3775017144017738
     44.7041089919021033     624.7270825128201750     305.7140968457843542       4.0013236976285924     517.0991414576729994     182.5134995230530990     624.7270825128201750
     38.1056644145396888     551.8872775390364041     248.6824567247736013       2.3692779328687692     473.4140993021178474     172.9306721699170168     551.8872775390364041
     35.0428340087338839     421.7796085814933917     199.0794832476193790       3.3729239229053718     438.4569373874305711     167.6741609428309800     421.7796085814933917
     44.5138167357753787     389.5960307434826859     190.0412210951232055       3.5324879252059844     413.9368085817672522     164.5780958938959202     389.5960307434826859
     27.5815055544684711     428.0344401131044378     183.2432098654201411       2.9682034222990268     392.2682923083805235     160.4480697790839088     389.5960307434826859
     38.1732842600357998     310.0261954907197151     148.2903662894432273       4.8001242770317987     370.0004041411203843     158.8747242854638841     310.0261954907197151
     36.9332499655585735     218.0062942242326756     115.3826163769654158       0.0327951454767614     354.3161822776219765     156.9120444449935974     218.0062942242326756
     47.9107706418238308     209.0422311882803683     114.3809935370937438       3.4912263055505690     344.2100740376376962     155.6661034749611474     209.0422311882803683
     45.2587850511245904     197.6974548448791325     108.7105054361399397       2.7109636369334993     334.8014327055877288     153.8428443786633864     197.6974548448791325
     51.8783852727394361     180.4813569072395865      89.4029221986845783       5.4795046505945066     326.1495337434318458     152.4185418677914470     180.4813569072395865
     37.7192893308958119     149.5294530470360712      92.2627544261818571       2.6454001880540972     318.4713743366157814     150.7230917958091254     149.5294530470360712
     38.8242601678971724     153.3379629690568891      93.4900607089450375       5.8935443095013653     312.2426900593163737     149.9950650963851331     149.5294530470360712
     33.7980751325396795     123.8010056505413417      76.9239682220652696       0.3779724872531958     306.0009314567929550     149.2458757410938688     123.8010056505413417
     62.5089861052247926     121.5614600447149485      74.0094672434862559       0.2724067958281964     301.0785925270372445     148.8104629365910228     121.5614600447149485
     32.9160269713120286     103.6351503966322696      66.6506791559466478       0.9010693655675865     296.3248938229586997     147.3951509652421237     103.6351503966322696
     41.6260021445754163     104.4428545376442798      65.2683097113609421       1.1458467841824174     292.3380891862272506     147.0913442665677451     103.6351503966322696
     38.9950126591007802     101.4307641836746683      74.7438459928353041       5.5137874366676698     288.3424718534457725     146.5400530744115031     101.4307641836746683
     40.9656627098789485     101.0853645586007445      66.4583331961437125       0.9900540551264427     284.5397923413464696     146.0974467436648183     101.0853645586007445
     32.5649728928729232     102.6389909830049731      62.8892157116606469       1.3771573777324164     280.8050970186807831     145.6846540003354278     101.0853645586007445
     51.5788018666268258      97.4120362414645911      59.3082516971620279       3.4988202143634197     277.0464781092154567     145.3959268434289243      97.4120362414645911
     55.2146183732015885      87.1340637915208447      60.5782193293912599       4.6432359467201394     273.5100299334457077     144.7447805535274199      87.1340637915208447
     38.7651277678630564      79.2348486619507639      63.0840295512416560       6.0607142005661245     270.4211602033075792     144.0638743822248387      79.2348486619507639
     33.6443479957901204      77.1169215787505493      51.8862770090862355       1.4271998020833934     267.4553269791769026     143.7572624267929768      77.1169215787505493
     26.5420194740077520      72.4825329059648169      51.6468806184030740       4.1175824231525411     264.7780839375924415     143.5269295695099174      72.4825329059648169
     54.8486929906842420      66.4781085238176956      41.9168732827001378       4.8662454613571100     262.2925096347414069     143.4083942798717999      66.4781085238176956
     48.9302801863380239      63.3104225435002164      44.4852163876541198       3.4966037096512963     260.0246187312128541     142.9460388334651668      63.3104225435002164
     46.6614040560207997      62.8260889721239977      45.6234226699708003       3.7130306260717560     257.8923459332737025     142.5997614077967626      62.8260889721239977
     47.0253230119638559      64.6352832048458765      35.2686015200423029       4.5121827441092108     255.7946427128821085     142.2800752863726927      62.8260889721239977
     35.3131789584669136      63.9575477999944368      46.9759112564195220       1.0592567089573137     253.6437346687440026     141.9797105329348597      62.8260889721239977
     54.2637813679220642      64.5536013818027357      44.3900344655909080       3.7628702462591690     251.5320783936751354     141.8175471232792404      62.8260889721239977
     39.6421275526572003      57.1359478001569272      47.3580816465496710       2.5170536862045054     249.4281536010377351     141.3894574689140882      57.1359478001569272
     36.3025709007526913      52.2966720328309975      39.8900988140691979       5.0163904450212868     247.5812792281111001     141.1713678125375395      52.2966720328309975
     49.5097056673296834      48.5958086186472897      38.3625231433403329       4.2078784969110501     245.8289823004178345     141.0260166824658086      48.5958086186472897
     35.5112886302029267      47.7662583491901316      35.4983677698503399       2.6005414114973036     244.2825840117952794     140.7755735570173954      47.7662583491901316
     30.7232042178798643      44.4845923054437691      35.7579799156017373       6.0139485440063964     242.7541568324035381     140.6595756286121457      44.4845923054437691
     53.6308424853195902      43.5949094993502726      36.6466276029953022       4.7042267899435757     241.3580638274193007     140.5663687120376721      43.5949094993502726
     49.8257971670085738      40.2564610121088222      33.6018385379915685       4.9113295821792491     239.9972049487468553     140.2807578995088136      40.2564610121088222
     33.2990577877105594      40.0463750339428728      33.8083002790978639       0.0206492513046257     238.7459256746219580     140.0831611388807971      40.0463750339428728
     55.3786446080566819      39.2289513834744739      31.4886721134369161       1.5684834948172437     237.4988520677110841     139.9779212996664626      39.2289513834744739
     57.8187165516292012      39.2834745111185413      30.7978054034192965       1.4547174653983319     236.2867785078073837     139.7347002620216756      39.2289513834744739
     31.2509811940996585      37.7450448287881812      33.0843418428098843       3.0344953700026025     235.0873460040351119     139.4795307852272970      37.7450448287881812
     64.6007161799552847      37.6213372344184478      33.1045967680979700       6.1668653060529124     233.9390744810329466     139.4042906016480856      37.6213372344184478
     34.0171947825198018      35.3499813629263500      31.1770142714279217       3.2860810999466565     232.8019871188943739     139.1160837138744455      35.3499813629263500
     38.3800756542851147      35.1794820462613984      32.9871601097693343       3.5591034216979978     231.7199073588460863     139.0455353838189581      35.1794820462613984
     32.1312996608588790      34.8883708211286176      33.6986197812438562       2.9813764914345455     230.6350173874744485     138.9394565866252265      34.8883708211286176
     39.6761291386183146      34.6673433815954724      22.3512608932136061       2.2346914253560470     229.5910724559808784     138.8621389969930817      34.6673433815954724
     58.2768327446828991      34.8622861758038880      26.8325156036044028       3.0789793171627906     228.5200633512710340     138.7524001989675639      34.6673433815954724
     53.0039083668666677      33.1422311191751504      26.1735561291677463       1.3232186169610003     227.4875761878825529     138.5333005579031465      33.1422311191751504
     54.7230478878101039      32.9972915982820894      73.0475928742102951       4.7904148093278565     226.5124718085523625     138.3867107186785006      32.9972915982820894
     44.3402161466439040      31.7520904098198713      29.0025624219797464       4.1008366925000672     225.5209057145166298     138.2150889895266346      31.7520904098198713
     43.4050741348913292      30.6557878651441094      26.9652009003550610       4.4711787541221355     224.5893621665514672     138.1005894287215767      30.6557878651441094
     35.4760414176970471      30.6604730420109206      35.1768782430979030       5.3889560059954675     223.6983392499573426     137.9903350367056021      30.6557878651441094
     25.0047264681990242      30.2074593682868446      40.4375252093587392       1.8618933204109425     222.6644616442294193     137.9079176778460862      30.2074593682868446
     38.9766843001109748      29.4688898462588149      40.4259527454497345       5.9002814560861481     221.7954893378825147     137.8804878654896413      29.4688898462588149
     33.1945745599094053      29.3064232595388070      26.1335632286828208       1.3319061898057925     220.8146170814249842     137.7840566252660608      29.3064232595388070
     32.4660106938932600      29.8417733151475240      28.8890800072625282       0.0826473414293147     219.9615166828446320     137.7329964163575937      29.3064232595388070
     36.2643379713057499      29.4950389853296215      28.6616611988670833       0.3579019176634617     219.1005279139438926     137.6765543553691771      29.3064232595388070
     44.4605273915661172      29.4988341033935448      29.9362501423028178       0.2728864640906110     218.2393701660845409     137.6026545344029444      29.3064232595388070
     65.6844347542684233      29.4475972156502692      27.7277925813098030       2.6905129661957261     217.3219862739086068     137.4867785801697551      29.3064232595388070
     41.1829056032105854      29.1746242671819687      25.7076309730587305       3.4424454673483496     216.4952277442789921     137.2823579565878163      29.1746242671819687
     47.7323474823002485      29.1927719653941367      26.2457696016303501       2.9735682567173143     215.6638323798192403     137.2019552112767258      29.1746242671819687
     58.9891651182934424      29.1012857188269258      25.5321619827768949       2.8879293647535604     214.8449642082602509     137.0944695933844173      29.1012857188269258
     49.6990374483114223      29.2614108268736217      23.3465830816191477       3.1319105897039634     214.0373090943484158     136.9222081060015341      29.1012857188269258
     53.7752238068664212      27.7410020850934558      25.7197740878701318       2.7487646743596059     213.1990305517667252     136.7971163468496911      27.7410020850934558
     48.7926816928762719      27.3586310288612964      24.6690636531606060       3.4296860576198895     212.4209375784759573     136.6616228421356993      27.3586310288612964
      0.0977190678458131      27.5631174270848085      23.7713073725804414       3.3085846535971513     211.6510628782536116     136.5562007697089086      27.3586310288612964
     68.3596376635533431      27.3137198630785427      24.4728960889180129       4.1578159853291226     210.8978328514188831     136.5518466163566131      27.3137198630785427
     68.9268158521376364      27.8269933361014807      25.3883773984997170       4.0286699991614086     210.1540271484913092     136.3495394916220675      27.3137198630785427
     46.4456298084824795      26.9534473214338597      21.9006725976123882       0.1396615042561322     209.3977182305995655     136.1454487115277345      26.9534473214338597
     31.9433027752307090      25.6815612340562183      23.5995830754619540       0.0313559816661879     208.6574283307147084     136.0568718761942364      25.6815612340562183
     41.9128360765065224      24.9393030166446437      25.1305970594488350       5.7622346182668736     207.9520392193046519     136.0083538572494035      24.9393030166446437
     52.8053254812876744      25.1090408942925229      28.3316526260089212       1.6741285862065496     207.2734280266552389     135.9507107158765109      24.9393030166446437
     48.6038724645122429      24.7185185108805072      19.6360242350694811       3.0519578704318491     206.5930201654277312     135.8433243333492157      24.7185185108805072
     55.0584694329583755      24.5791982690145332      21.9580065673791154       1.9286787536241690     205.9243516482282530     135.7522732446705049      24.5791982690145332
     62.7870585972355499      23.7746252885609266      21.0893469128644426       0.9064104400552466     205.2555133707955406     135.6375501183152608      23.7746252885609266
     72.9103407863057242      23.8160102588558686      21.9249410829685090       5.9099223170977240     204.6208637325841551     135.4917258276668974      23.7746252885609266
     36.5486540927088157      23.2447187710943695      23.9990039605866130       2.4801989584287156     203.9917883105980536     135.3119948732754665      23.2447187710943695
     63.6708861940303592      22.9002131919650900      21.1389441792367094       2.6347158853371155     203.3682304103504634     135.2726979843061486      22.9002131919650900
     59.1129846792594975      22.1430370377562191      22.0495172217568935       4.6442239803202909     202.7665294996863281     135.1434478936888866      22.1430370377562191
     31.8943602816196048      21.0785427738709110      23.8055597575859892       4.8153303066704467     202.1672532566612972     135.0283913311988044      21.0785427738709110
     52.8602461882349246      21.0825968341260364      20.3060779623286081       5.9725445945128541     201.5737769051618216     134.9942711131573390      21.0785427738709110
     56.0315058268255584      20.8226244365397619      20.3606830217531893       4.2981673257366282     200.9571329818211041     134.9020355423255353      20.8226244365397619
     59.2232455261082578      20.8410979895284250      19.7997634924609542       2.0746664829332957     200.4154567518986028     134.8013495631850276      20.8226244365397619
      0.1572754821763428      20.9624308306099998      24.4459492026858634       0.9597270661427544     199.8600493355739331     134.7016198979704882      20.8226244365397619
     61.4493693966614174      20.9238073197929815      20.5596376642713814       4.1544046234978822     199.2521796886711059     134.6987120915821663      20.8226244365397619
     58.0348452006796549      20.8839739717051103      47.0417852239057623       3.3115104842639056     198.7137654992900195     134.5843579192191157      20.8226244365397619
     34.5508262631566581      20.3626602831232013      21.9971611322715042       1.7044517042943852     198.1724398723291642     134.4753880287427421      20.3626602831232013
     42.3711604020253603      20.1219283210778350      22.2894995758398693       5.0816746449175554     197.6483898588974455     134.4331673169648127      20.1219283210778350
     45.0941686319191390      20.4032417286081440      21.7180836871898180       1.2032443689661676     197.0864799525247975     134.3721036708408576      20.1219283210778350
     35.1591785744514027      20.2915851446531121      19.2655124032637879       5.7894481734454786     196.5552048690856566     134.3085976025695629      20.1219283210778350
     66.8884901475703799      18.4273854195302285      21.8583734316612883       5.5043448948611768     196.0133695637796052     134.2714222242903475      18.4273854195302285
     60.3509497442796743      18.3008981595970077      18.9584833090796927       0.8782614588947624     195.5470529239918278     134.1542908205206004      18.3008981595970077
     12.1064946160631752      17.5419944299983044      18.3778189128801124       1.6464188881057424     195.0842858208484643     134.0594858365676885      17.5419944299983044
     24.5036123889639335      17.5702368517973362      18.5359120141221254       1.9456118773799034     194.6426979150107570     134.0591432211207064      17.5419944299983044
     52.7069452293264504      17.6296701267489269      16.0862690593498847       4.3967170297458296     194.2005202461363353     134.0468762833983192      17.5419944299983044
     51.4824995170018624      17.8837353310624430      20.5965366357388753       4.3200030673818191     193.7488955120087724     133.9767907490909806      17.5419944299983044
     43.1107512284801544      17.6546940112545840      16.2089315991215592       1.6793814792893471     193.2967797209969660     133.9200684293144263      17.5419944299983044
     65.0613486968747594      17.6944904239449521      19.0636987247044729       0.4880660253787070     192.8520336340415327     133.8760414039970499      17.5419944299983044
     60.2303278091230183      17.5686872405819337      17.5560403561067595       0.9753386150790035     192.4108889273477985     133.7731623438242536      17.5419944299983044
     36.8108537242890819      16.9000242579523885      18.4881367181112992       4.6295309652398799     191.9620079630742566     133.6754908853881147      16.9000242579523885
     68.2246509344032290      16.7835787906712319      19.1571468612574236       0.4838167046639725     191.5301080608920756     133.6345231229620083      16.7835787906712319
     60.1418459010770476      16.6510559973483012      20.9371340769277090       0.8619731696765527     191.1079923404848273     133.5330189960474172      16.6510559973483012
     23.2314392899950413      16.6098899856664630      17.5024264398627061       4.7840756863209464     190.6886425639024480     133.4572744903155410      16.6098899856664630
     56.4107601070237266      16.3987451853230581      23.1453777444163116       5.4463623990498746     190.2797635217882259     133.4376970853671480      16.3987451853230581
     56.9216912936565578      16.5018357967966018      17.8616219975518753       0.1705691369227722     189.8760907948902457     133.3702201805513141      16.3987451853230581
      8.7176804776110384      16.3758140786617759      17.4114675167084911       0.3660286139150273     189.4704727796215877     133.3040347995772663      16.3758140786617759
      1.5523431744351541      16.2335080294338638      20.3877991410741046       4.7144561790758672     189.0701134395047518     133.3034450997314764      15.9545897701910029
      3.1562656624169678      16.2020235893999498      16.3361140413718040       5.0952306558913989     188.6738789537097318     133.3056537623766928      15.6535597745270216
      1.6088628657247501      16.4181699867828215      16.9929947342871621       5.0444780374849216     188.2792937558503183     133.3067999644746919      15.6535597745270216
     38.2819619364372343      16.2725410817430003      16.9672561681354779       3.1386635130677831     187.8430972556415384     133.3098600605232775      15.6535597745270216
     49.6591943633533432      16.1278187231927745      17.7078537008971999       6.0823264069818634     187.4333613580004112     133.2772781709491312      15.4774685154713403
     19.7580476307553710      16.1880478203179443      16.3594394118169078       2.4209999393263359     187.0219022182945139     133.2273744253757286      15.3525297788630404
     71.1964697337286481      16.0646552039153825      17.4125947221660944       4.5669950702634168     186.6311887876037474     133.2248287254483330      15.2556197658549841
     69.6468519154951053      16.0279232748483267      16.9760370115996260       3.0490848720713046     186.2442681482216074     133.1246089605206180      15.1764385198073590
     43.3057539058987899      15.9292188016044207      17.1374044067619877       2.5255392186866601     185.8583994014699670     133.0261577201831358      15.1094917301767460
     33.4007735113616206      15.9155310532738898      17.4222980855017155       6.0924753760533150     185.4703736469052444     132.9888949746081721      15.0514997831990591
     40.0279550004416649      15.9426598736991618      17.4199545492305319       6.1788900658335280     185.0796499751138811     132.9730476206705703      15.0003472607516777
     24.9894813700468248      15.4668576747906439      27.7972848316399634       4.9204578338452194     184.6972806638513021     132.9362152188493269      14.8754085241433778
     48.1858972855077710      15.3104908190122320      19.4926967993183204       0.6148408959946252     184.2788018733348565     132.9151290161517807      14.7504697875350779
     49.0079405132875081      15.0810660387557469      16.6072797365168583       2.6228817353897256     183.9069765153911078     132.8691254032044640      14.5928619341734098
     58.1927804473353021      14.6934644629679951      21.9436956843681550       0.4071513041365549     183.5357750814577571     132.8167559406275302      14.3418059134712674
     58.6973710821504824      14.4513488320890087      16.1857435946459312       0.2232147091511294     183.1733951541562249     132.7510115744859149      14.0912669100705479
      0.2492123097181839      14.4748988265332841      65.0534411449390007       3.4488795657496638     182.8259343812432576     132.6952487017599083      13.9417525454858318
      4.1450313916547881      14.5720918742356584      14.9376528540584541       2.6430174476029578     182.4676689256321822     132.6896922969017112      13.8507860492350456
     32.1770290570815476      14.5000716728019459      20.7386644624686909       4.7505678723740203     182.1242999864025478     132.6898545664846267      13.7642580720207111
      2.2477688643934597      14.3631015573425938      16.8584454923030229       1.4247905795221385     181.7113508722540018     132.6703959896508422      13.6667880402607764
     25.7399535112021063      14.3549220216296156      15.3108917037983296       3.9703990253677119     181.3741400836371724     132.6704456912059129      13.5853739127808613
     27.1103268221210243      14.4342419464450469      17.2866492555060169       2.5353526150341139     181.0377916293817577     132.6611644743132956      13.5280785088264288
     29.8682239779687144      14.2178529412000625      14.4096938690495424       1.8087582422433996     180.6998027821700248     132.6476069737961723      13.4467338984951716
      0.4592884483525791      14.1733064649909455      16.6865458365283494       2.2768953895932071     180.3672032545991613     132.6290946171001224      13.3725264072792953
     67.9072735073659430      13.9510766105964379      15.5751114804006363       3.4783546451420051     180.0296808014016960     132.6259620037612024      13.2706426394394921
     30.8658543293590419      13.9212556299827526      15.2160830692630107       3.9242156242892605     179.7035388493210064     132.5531336242496536      13.1830022893097478
     48.2725777635952440      13.7631720971627125      16.6144925618623915       3.2687152318597299     179.3729460053046409     132.5404703439790524      13.0818509427183347
     45.1768215035568304      13.6995917454127412      13.0398496600953866       5.1037160011668021     179.0374098470574609     132.5040325652263675      12.9879787835090692
      8.5421866082575768      13.6571308643096625      14.5151270482470522       6.0081564650077581     178.7116321169926607     132.4679163992066719      12.9038234589579606
     56.0808024692515872      13.5239584610652823      14.8846784418710563       3.7418476580699433     178.3956151207582081     132.4669486504353983      12.8103269964290121
     57.0755435728559064      13.6121730374026590      14.0764922396302694       1.4553958793533610     178.0553721340388620     132.4117216287748704      12.7466862398049514
      3.0838984798871314      13.4195279580299189      14.5290157680020471       3.5777779884177079     177.7355852924289650     132.3628429475341477      12.6629989445330029
     47.0004075775020382      13.2077777237225629      28.9561685201661199       4.5223065312659827     177.4235827325223056     132.3629315387281622      12.5540517807990568
     28.6553882402388460      13.3003376944531020      18.1644625297404332       4.0922903225057752     176.9216459593529862     132.3032199344099240      12.4824186234986403
     28.5320962972133785      15.2158003398452841      17.6638366304638801       4.3656854524509043     176.6174436978957658     132.2865389420937277      12.4816871183873399
     51.8507952426116461      13.3941531233525755      25.0039328363614644       4.4943275792232242     176.2609714608264824     132.2734626533633104      12.4316241746990173
     69.4664098335851463      13.2916465831942840      14.5923768320937022       2.3641387371592799     175.8815753282901539     132.2283707698128410      12.3754924436383593
     38.7255038699892893      13.2218598218993399      20.2888211916975010       3.4752547451701474     175.5756331567804125     132.1492702099878045      12.3177008632072038
     40.7998277414451138      13.4059855933560961      14.9538248878015363       2.1319999419049935     175.1847602783700779     132.1183276816326497      12.2836021671809696
     11.0001254839004332      13.1300327249136224      13.9199378538460508       6.1400502339289034     174.8796378955670718     132.0959019896956192      12.2257492018510323
     64.1208845457039303      12.9966875403413766      15.1375818878357080       0.4237486724253401     174.5832617108544582     132.0929703339672017      12.1577380211411157
     55.6236368252068303      12.9599623556157191      13.7184720120374326       3.1648391997498919     174.2893193754311483     132.0314853371744732      12.0941319747675315
     51.5267618831618819      12.9323552228132801      18.0965569431532813       4.5057388785119628     173.9960440286066046     131.9816592594441147      12.0352501334035900
     48.6669385089581255      12.7903479233778530      15.2208858726750318       2.9183526549661991     173.6582517621839088     131.9381925924557208      11.9649175225671307
     66.5074550779395963      12.8375721473551820      14.1141587705591558       5.3553848847125920     173.3272754237455331     131.8993385606878803      11.9102852510150896
     69.9890266513276345      12.7648553210620967      13.3759125718038980       2.5788775646999937     173.0389759656621038     131.8381951861233574      11.8534615943522468
     30.6175868511495146      12.7179754120765089      14.0866517317719797       0.9367333100038238     172.7521289414344778     131.7712468072978993      11.7978589436915851
     15.0358455766216501      12.3196990872233219      13.6599381775746416       1.6017582313345855     172.4598368278365399     131.7579668082399280      11.6836781307805229
     64.7553793190595428      12.3121877085161788      13.9789011668237357       1.0515040686098516     172.1856523291519920     131.7562226139878305      11.5919376822832483
     50.9605816971164458      12.1173001441030781      13.6668923857748368       3.7544235865409945     171.9098150950700017     131.7020453157978466      11.4785701241196882
     51.3489595150726004      12.4242671695015350      16.0032889262189641       6.2506899773921560     171.6368700013470345     131.6648091959815758      11.4319499525868480
     42.9937416598890252      12.0919459940936189      14.2443874679270692       5.7812985746039232     171.3441214286955869     131.6333143685600930      11.3460209510877501
     16.6981800790172485      11.8459495341930658      13.8934345023121928       2.0674416397653630     171.0657484847098715     131.6064916675555310      11.2266745628526206
      2.3580621753721713      11.6972118697485250      11.3300550651061620       6.0063293468898138     170.8042784858990899     131.6049555113262102      11.1000833310248801
     43.2298385311035105      11.4329092701514980      14.2856323435984098       3.2504842651599546     170.5432192365469746     131.6059490704329562      10.9343362457250102
     56.4288815137660080      11.4308416168168847      21.0982527638326900       5.2164895857179800     170.2780861843386901     131.5901707616042700      10.8141634400242435
     53.0575926453032594      10.9768605306715266      14.2158654910148119       4.2340102473447558     169.9836356306992684     131.5513126746728290      10.5869077847561108
     19.5426821934090036      10.8751328615659446      11.3163967858601424       2.6186320034378667     169.7106720052151445     131.5147337575772895      10.4065063702468628
     18.3287242660607603      10.7312111119647042      11.7731331985257821       5.8844037633587760     169.4692338998033847     131.5098706579680936      10.2381640300968542
     56.1656940086448699      10.7711673053815371      14.7234898506466863       1.5443731676335091     169.2344443890472405     131.5066712480082742      10.1265359890169186
     58.0466111171553507      10.8558867806706107      46.8014578347915418       0.6674713042541995     168.9732828094245463     131.4733678079106483      10.0522729723679056
     55.1373060038198233      10.8934692465681877      13.1405355809184350       5.2491695062684158     168.6969892149420787     131.4289040856175461       9.9937913737656707
     48.7606305863367595      10.5635160847770777      13.6333012202500665       4.4459895964885590     168.4463914845157717     131.3902721953237744       9.8902186485475134
      1.2385445537065067      10.5510493458524728      17.3693521101818895       5.6768880906327723     168.1986910760387843     131.3580918602349641       9.8044436127286492
     46.3977847434462305      10.4139821221719391      13.5620857470823513       6.1203774426445108     167.9656440744068107     131.3560290322332946       9.7090191180642158
     62.0304059660869527      10.4034967612386904      11.8846203177730452       3.7614814039027777     167.7151847076434592     131.3334465873672059       9.6290860110930616
     60.0926422814384438      10.3868742843378161      15.2258498125912922       4.8373448691184677     167.4893645376468498     131.2952122938068840       9.5591711102689931
     67.0168130532508002      10.4137512841335589      11.2260146794796043       0.8842740796483710     167.2007420631161665     131.2520061695837228       9.5023531601835103
     61.6556972483412125      10.2746647179837041      10.4986140487691699       6.1196863939599808     166.9691107384454085     131.2083349301313149       9.4345672403189358
     52.2703046139021268      10.0776138007065086      11.1594191589896088       5.7350988285232489     166.7437548240818614     131.1685935721575333       9.3455509088171844
     55.3195847001318057       9.6413623922245630      13.4981731488194416       1.8363593670203926     166.5218095612970615     131.1399944448992585       9.1677131870847539
     52.0873189143943662       9.5962042151800429      10.3886322258325876       2.7029961162536864     166.2926473445558031     131.1001595498309769       9.0300969568076699
     22.0540822513539325       9.5515053603558986      11.7322827805148897       1.6439222522733843     166.0818621304925955     131.0731998851173046       8.9158138384979146
     54.7329533861796520       9.5165123091839749      57.6535699016757803       4.0568824734712479     165.8762402597232892     131.0695527112563070       8.8186311861620723
      4.4242483827620607       9.4665469537229772      11.2540781031090287       2.5585877577671425     165.5697664186107261     131.0249571405705069       8.7305131507959643
     45.0279907673997712       9.2388737771797995      13.8821585394152116       1.9660630679702962     165.3632949388389193     131.0269074676254775       8.6131761199495234
      1.1824558595028201       9.2420692382539507      12.8839902151184429       3.2506755910565488     165.1350996621275158     131.0044209484989324       8.5215017296339965
      2.6801960458498946       9.1317287409243022      12.5350519319700755       4.2256832214864488     164.9172905408900078     131.0061534748738268       8.4262128812365411
     73.1822359826601883       9.1024882933188582      12.6104815576381046       5.8276450243627806     164.7212197167145575     131.0068794626142221       8.3431658887827691
      6.0503554613643633       9.0956563541265378      10.7369441428994872       1.7622056921666598     164.5259300647069551     130.9610333326628506       8.2724591314142497
     16.7886344279859827       9.0890568803694727      11.0162337674356223       5.8167532937566904     164.3324475051136346     130.9606785046988477       8.2108006730657390
      0.2553109615201412       9.1020987195758885      56.3127028134974310       5.8383691349461770     164.1376116754971122     130.9543541821301176       8.1583220141540256
     67.2831051032304117       8.9596672668451092      12.0701161764573168       1.5566800719373504     163.8590738681793653     130.9518123165375130       8.0946137746098277
     29.4314746649810139       8.9426979711045451      11.1709447356489893       0.0290130814631127     163.6666295214034790     130.9129316122827333       8.0369939766822593
     58.0975894225160516       8.8998832440780902      12.7073263916319306       1.6887010635821724     163.4761873214248169     130.9043811926772207       7.9811864810647348
     39.5910538391099394       8.9149107473539626      16.9044534641680109       2.0041718251434730     163.2759739166210124     130.8689477259451337       7.9333329911374530
      4.5337281154018783       8.8974308950927181      11.7764741055378614       3.4736201633043464     163.0605293438579224     130.8504059269997697       7.8885510363768887
      4.2351951326961679       9.9042171513176545      11.4750638267116507       2.3769602642626495     162.8714400693610287     130.8492892611108971       7.8843820334155659
      2.1965941177568182       8.8630552413425434       9.5664792446464304       2.0988555134302231     162.6580861086541745     130.8501853092028568       7.8410066875991484
     48.1188789055750874       8.8905036237056212      25.5826014654069027       4.3090327922312071     162.4510230967363782     130.8536979087703855       7.8038877356442553
     49.9060673047020842       8.9226468084209056      13.9234997510460108       4.2500772458791261     162.1335995568183534     130.8152802828075210       7.7720452682821879
     71.5803687150222601       8.8114211896285024      10.7326652758616081       5.4410995266710671     161.9208192967792286     130.7872552619178350       7.7340882849304977
     24.7861938774676993       8.7716845818873761      11.8488757662123678       0.0646554093494203     161.7352170479674101     130.7426207245106013       7.6959820870570690
     51.6916674915979257       8.7669125350221062       9.4723540113838052       2.7254735743684222     161.5482005622064605     130.7391612696979450       7.6605797089473722
     61.3370188919989019       8.8058231262425473      11.5266122099286648       0.7114582628221839     161.3462655896781826     130.7106541290167172       7.6305574540897503
      6.4719805639618420       8.5650870708314759       9.7617241600085372       3.9658034125880448     161.1549430251864123     130.6785027729609112       7.5827879203215316
     36.8910169082208981       8.5687363278875281      11.0949519090317317       6.2569287031270306     160.9760142425273273     130.6767108393597425       7.5400988655346479
     59.6461673777399497       8.5359118026702436      11.6710263408701920       4.4665918230951291     160.7814770443657153     130.6625457170450204       7.4983238671486596
     59.4293439569390500       8.4989824268767116      11.4931665108795187       0.1317886900599703     160.6023943605725037     130.6340836006920370       7.4569910110603796
      3.0523216628956429       8.3592706111425894      11.2579905289878184       2.7587172097285446     160.4197493562115540     130.6097956656792292       7.4057483719070811
     56.5558820158807549       8.2798961567807687      11.8581059294359044       1.6938296389546821     160.2174125125455362     130.6119497445639013       7.3512831436244372
     43.6406108835852748       8.2925071327208073      11.2768666603375198       2.7521800331945059     160.0358418877365523     130.5832769211670836       7.3042061006347785
     35.2246509096617899       8.2097620910756053      11.2727821787718572       2.8523151847823982     159.8611136191410935     130.5671061613966231       7.2533268904766786
     18.1563812000277736       8.1212684701204978      10.1802327861917963       4.5784458032924675     159.6648324471353533     130.5541371928920853       7.1981255381397142
      4.9866385323826279       8.0165691195856237       9.8869171446249258       4.2993977661229081     159.4964385338417401     130.5512167612995427       7.1367109419268706
     26.4451634020207393       8.0339118762770667      10.4783263832504705       1.1943894185372272     159.3305513920383305     130.5503995370144992       7.0849001265449871
     43.7862358199470876       8.0277201545864667      10.0020573493400899       4.1056807290936348     159.1635029480851529     130.5417096462866198       7.0379867773489924
     19.8947025604151584       7.9988697422951169      11.3830608036897001       4.8494065021425996     158.9939374085643067     130.5244913720280806       6.9928887854631236
     26.9110748714980303       8.0317738366353577      10.3595034299591333       0.7889491020562716     158.8248543414326832     130.5200786806663587       6.9548907050060889
     49.4207973551149777       7.7771410216398413       9.5663929316399390       5.7552263579180618     158.6566927553964490     130.5133180269177444       6.8939761952954184
     41.2593623906850411       7.7126681411676623      10.8842074392716146       5.5969248597005645     158.4923310244526533     130.4933175036804016       6.8325943462474878
     40.6936428618312576       7.6138759501473752      10.9385610166704126       2.0202663599177839     158.3240965370114282     130.4777238591698563       6.7660933800472494
     50.8508697224391852       7.6027977834880316       9.8977460026845527       2.2195055013419704     158.1623783030420896     130.4618830671926730       6.7070433234203968
     45.3885545415718639       7.5835074269827079      11.5772409543464967       4.4617442098736291     158.0018071053235929     130.4405802414209177       6.6528504760630058
     45.7534597307116826       7.9981023025071432       9.7026731010623664       0.4230257596448652     157.8342994247370541     130.4217856468608261       6.6336679489084700
     63.4423102660122424       7.5792084497723868      10.7212231646654210       2.6141980349259910     157.6692817556632633     130.4026541870074993       6.5870323793494308
     67.9929729606640478       7.4988204426951448      10.7049906137537860       1.6335350977736169     157.5136058402501078     130.3728199516911843       6.5368377638681148
     68.1270429789325789       7.6925085325434290      10.2501033115145912       5.3572049972911628     157.3562094342298394     130.3403362946725963       6.5075042486591634
     34.9868951311841130       7.3832417570574345      14.3409043097916999       0.7427862826828502     157.1911408441833942     130.3098190340579379       6.4532261058821572
     25.1444665951791215       7.3339966224191038       9.7936173474631332       5.2824687373552734     157.0255431055991266     130.2990060357788593       6.3995362557361650
     15.6469728536735211       7.3514791801053621       9.8081824275633753       3.6131525468429544     156.8728816893303133     130.2945860047351516       6.3535482753264603
     39.7098660154790295       7.2949566106217274      29.1768912301456211       3.1062526316439261     156.7223601872903487     130.2949944631749020       6.3064901847170027
     76.4780836295372097       7.3111854160585912       9.7093018156154507       2.4021298799837467     156.4425807818377621     130.2767317589853064       6.2655222666283912
     24.3868387940137907       7.2977477700030873      10.0515650974884352       4.9091981472650588     156.2928320064411878     130.2349623960731435       6.2269623597163886
     72.1284064188525207       7.1603949063934085       9.5354378135959088       2.0288742196992615     156.1403492993101736     130.2315719245025321       6.1790784509284560
     53.6663570222703186       7.1480715332147389      11.6750862380619029       1.1439317389252253     155.9954501045865811     130.1947616486480399       6.1347737039473884
     40.2932080160553454       7.1251389510331924       9.3788740054460238       2.0194253417560475     155.8143612667676337     130.1690894629116144       6.0924962755965160
     32.9549699741131690       7.1473169513307413      10.6932790632023114       1.8792251830584945     155.6682340161900697     130.1610839668752817       6.0558110202553008
     27.1981458740022717       7.1325717590411051       9.5009122843971152       2.4225195295642123     155.5081265950249474     130.1542795910208383       6.0208622709600652
      0.3869027735312863       7.0479572029224311      11.5046077681118675       2.4285993853703047     155.3589806340335429     130.1506297551667615       5.9818641224806068
     65.6428067621708919       6.9928988082287882      12.5596967679668641       6.1082104116990905     155.1980105149631584     130.1504167039306878       5.9414631251358054
     62.2616981792562996       6.9006497964680804       9.7686554628921929       4.3885968514426139     155.0084299608279252     130.1143322413656165       5.8961975747574034
     10.8467146093751143       6.8170909842462137       9.1691611112363951       0.5282972239459056     154.8671362522088941     130.0889317373696485       5.8469876093779138
     49.9319044547289934       6.8095412767211307      12.6527934119527004       5.1853920459592047     154.7299021628348328     130.0882562746199085       5.8020541743961074
      1.9901881147324498       6.7853266619607622      10.4686678258267492       3.2356171784179395     154.5657033365111772     130.0688861978829038       5.7591139660837403
     67.1329850249137081       6.6842660726466407       9.9480740737915561       1.3970118984127993     154.4224700635592171     130.0682537031239576       5.7103582487689293
     57.9364805354219499       6.6731636871916793      10.1128966932292919       2.7101844801275519     154.2821071699976017     130.0435023567032147       5.6654495765223700
     73.4549793719235709       6.6158735501503108       9.7131779662964366       5.6287804488868716     154.1409870410636813     130.0195707741306705       5.6193088125611084
     73.2290744559756490       7.1189815591837631      10.3210699546726570       0.1855076295999467     154.0082378565647616     129.9838062609527753       5.6057778873595074
     31.8112889579615903       6.6147494175196648       9.5326618765819120       0.3601399422716938     153.8533060691589185     129.9434051620276591       5.5651932765900485
     47.2120904790704614       6.5938959735423319       9.5257605790063504       2.5001367747375269     153.7146470117440913     129.9374974709452601       5.5263330399071551
     58.3287737412350751       6.5387914018946454      10.9716433259083121       3.0298388477588531     153.5806393007860891     129.9226816595982825       5.4860583946011934
     63.1398424899022856       6.5154192543300944      10.2222076723444886       2.6696581743365613     153.4269956102337460     129.8998372438592526       5.4472544729168018
     62.9939861157716408       7.3331936834748772      10.2177290838627179       5.1352984140006157     153.2958452000992509     129.8770933872976343       5.4416435401605696
      2.5260477758362385       6.5011475996801540      10.6174038212844284       0.8251523642596155     153.1433026251330034     129.8543582500195726       5.4053358701744258
     63.8922976936956744       6.5025355889144167       9.1687670210470564       3.5457016677303699     153.0099734951870403     129.8539922007743428       5.3719336941750919
     27.7384811545729164       6.5057482169646574       8.7932695399026048       4.1823003939701238     152.8790735836459476     129.8289679251634823       5.3411387451263721
      7.5553447696484533       6.4494201523103678       8.9582156994484485       6.0573636181121202     152.7487675449697804     129.8258386653152172       5.3085473231453788
     56.3482449802940479       6.3959019653643976      11.9599278807556573       1.4074804826071130     152.6212934070275935     129.8275631569625546       5.2744086687400822
     68.3174165653982612       6.2373411131800758      12.6342675667761704       1.9406204146346653     152.4733647537552770     129.8109589234707641       5.2295126154781473
     68.5955354363586736       7.4500276477795264       9.6900013239396117       5.0940315019882547     152.3160909903012907     129.7805867981777510       5.2269066833436266
     67.4311431423200389       6.4362530626944201       8.9746036200086028       6.2589930214067664     152.1658555785246278     129.7505989092292396       5.2008835946149716
     34.4502203402273466       6.2835223922279093       9.0682380348898466       1.1614551826590329     152.0349800536828297     129.7266666953713070       5.1663866875974032
     52.9167124795473711       6.2825299534761303      11.5209952319012228       3.3051413734267925     151.9087427016895901     129.7167889111654233       5.1343589823767006
     22.0912854937590524       6.2716972304037508       9.5772647889588836       2.7608710864208632     151.7579172845908033     129.7020954395181036       5.1038044225939068
     50.3777598169810403       6.2229433124288374       8.9299512535292305       4.4592889047401485     151.6244506213200225     129.6992919486878577       5.0719890363757543
      2.0617724758082825       6.1972728952468010       9.0456754172240643       1.3694381724256317     151.5009486518368362     129.6876523371042254       5.0406048980459488
     34.6869137181834617       6.1879209201999954       8.6218600081187162       5.2992410591298977     151.3713365348676803     129.6882764274170370       5.0107210357637433
     51.3784332623682332       6.1292585883062332      14.0638568732916678       2.2854936482165584     151.2451132081968979     129.6836312269085454       4.9788632023651509
     49.7598603282890082       6.1547682369646042      11.5435326374181795       1.4726869972203502     151.0943512892258127     129.6684466492849879       4.9508231224827952
      2.8933754721569627       6.1546818544328641       9.6343871523822866       5.4197579883014697     150.9462973720472121     129.6535255543307983       4.9244790979826174
     60.8939352070964119       6.1375790928181395       8.1351238233989456       4.3155302236030337     150.8191429585284595     129.6547213097015856       4.8986735845523741
     52.5765726724305082       6.1045198982765703       9.8381570834901932       0.1618840237591073     150.6984289122745508     129.6386817457018878       4.8724463263752540
     21.4203288601337896       6.0653264603527655       8.4954439375267423       4.4188903621164144     150.5670688574630276     129.6179441894211948       4.8454484571462189
      6.2653738476718051       6.0447504005225374       8.3730737254476466       0.0452417375075171     150.4486252980111942     129.6152582472396944       4.8188349883811359
     65.8317204927381567       6.0296272987729296       8.7245478460004424       5.8805528905557622     150.3279443389686776     129.6155291912059226       4.7928960967719112
     40.1329873958140553       5.9991341222880017       8.7171760553159725       2.0441081420415657     150.2069727879330969     129.5952174626915223       4.7666918729550503
     37.0196615084421481       5.9984549926472397       8.8699879049231125       3.2330240559588646     150.0840947510230876     129.5839879178641354       4.7419416077080472
     37.6567772772397333       5.9950617500522556       9.3901128017930127       3.9824040744045277     149.9597476261537281     129.5754226491607142       4.7183473793081125
     25.5000066566784831       5.9558679456922619       8.4305075013986368       1.6358704689612722     149.8293789252051056     129.5680214831583044       4.6939141128660893
     51.9618321856479284       5.8872813604811434      11.2076615436402083       5.6451925613994973     149.7129002428781632     129.5663019391722344       4.6669457658632592
     50.1295859616381847       6.0704536886276568       8.9602491941665026       3.6797361940319178     149.5631326703313562     129.5463137795695161       4.6501256175582135
     49.0905432484922883       5.8895576824377356       9.3214918641888200       4.3035395407408004     149.4385939050894194     129.5338756409637142       4.6257967819742172
      0.5353252577935400       5.7332191985409517       8.8248936461660890       5.4080754767649779     149.3113402247243471     129.5187267828769961       4.5931438010127676
      2.6029389924660404       5.7324878650438889       9.8305962746278155       4.4892478792083210     149.1946745678512229     129.5193549870432719       4.5627257507722669
     41.7938865181176737       5.7298680493102010       8.5161587875383375       1.1399379794696003     149.0717357729703281     129.5184763878883132       4.5341330396001327
     59.7328091962277199       5.6239247832303478       8.3630169004451425       1.9743278864319080     148.9567484104128994     129.5095293391071323       4.5001789399320797
     19.8495604659418206       5.6168612450961035       9.0682579424889997       0.7887751055334817     148.8447009600808144     129.4941502019470647       4.4681902990701818
      6.5996305992329622       5.6042903585199006       8.5922976434093332       2.6790076388336246     148.7251816919777525     129.4938140854995083       4.4375522985496980
      6.9710148960664577       5.6225580080092632       8.0606587380676409       2.3931223192542319     148.6146809128523500     129.4928074068351123       4.4100763715021412
     45.9280811154246535       5.5782957768523778       8.1544386448469908       4.9614915152399846     148.5057718682760424     129.4919862188460229       4.3815525286318238
     10.6175395793483531       5.5224142686431055       7.8743260435154188       4.9033148958754538     148.3974976838750308     129.4845450697181377       4.3512374414966288
     13.5458268353651547       5.5276592264597317       7.8503030716336344       2.8858639975717750     148.2908115360452541     129.4839119987016147       4.3232305765389114
     53.3789452052053690       5.5201898335368869       8.1684465842901535       3.1842808698477683     148.1848651154338654     129.4834563839422117       4.2964783671168547
     46.5520941471290755       5.4942071712662681       8.4539939855520725       3.4466452961844851     148.0760540442496449     129.4685312137879976       4.2697721706354939
     69.9496141544378816       5.4241576073729973       8.8858956036139247       5.4079836341164338     147.9644376732166506     129.4551462777970983       4.2403561112276442
     70.8665127340377410       5.5653740096145023       7.8568036238926471       4.8085370013344146     147.8494989600283702     129.4315928451933928       4.2202806719851926
     34.9707578579979312       5.4299848938489106      13.8576415900350050       2.1129290246883983     147.7427473315975135     129.4091928824459217       4.1942797576291317
     17.3336977051939130       5.4192852919595724       7.9009997751759098       6.1547892290596593     147.6230433529962340     129.4074806768555277       4.1691535278412166
     61.5124992265395534       5.4231258366076069      10.5210206818224936       3.3795990164565382     147.5183146728931547     129.4059163954240432       4.1456054562533691
     18.9772357741773625       5.3754497785631150       7.7113158713250094       3.3003151742216659     147.4049052907789701     129.3845922712139043       4.1207499893400383
      0.7174576846616780       5.3035976316556761       7.8316649164896450       5.2430476072380117     147.3017079842000214     129.3834173509895038       4.0931424999441797
     43.8219795841003972       5.3023720248250177       8.0064153373313864       1.4405956638059223     147.1992149525711397     129.3823800800631147       4.0671145030443903
     54.7855380047856997       5.3241731218077373       9.3980738631138792       4.3610830026503180     147.0945456716865181     129.3737373102700587       4.0437291811214928
     28.5850222271470145       5.3110932505921582       9.9143120972580103       4.0390610327070107     146.9668729465178956     129.3549957958317407       4.0208781727129335
     78.9049987196677733       5.3132815342871353       7.7411393381891154       0.6116508718790143     146.8469691846966043     129.3507843239812303       3.9992761811864188
     61.3850642186425972       5.3116756434921566       9.2236666491826167       3.9718727146449027     146.7460224659107837     129.3216232539064947       3.9786236095025362
      8.3063618672176212       5.2481289981915538       7.7807639455904996       4.3175533010128646     146.6251235824777552     129.3042905105055524       3.9558824244996291
     45.8531805846184426       5.2130709153647210       7.8729766139147310       5.6689683255588790     146.5245430086892782     129.3039961864349436       3.9325044791635491
     19.2940470255188785       5.1980333391350122       7.6449169093988356       2.6520398533669294     146.4229775433262830     129.2949993389552503       3.9095598061782395
     12.5790262335927494       5.2267079988301193       7.5891914607900857       4.1136485334048274     146.3238293884093366     129.2929647418961281       3.8891270846469195
     28.8033514375159498       5.1872128401316644       7.9262492151332333       3.8270374840997619     146.2247711473123672     129.2903986679920934       3.8677998169740273
     37.4791320503174390       5.1316343568060780       7.9650936348025096       4.6741487663296795     146.1216019656542926     129.2866501546372433       3.8447682125998561
     37.3314217325437667       5.3577981238490704       7.9888747189713660       3.7358134904118714     146.0230378418271187     129.2789443328964296       3.8316427968020759
     58.4997060480168329       5.1756534663697398       7.9948041698055050       0.8984746442386538     145.9176053811723648     129.2742358611121460       3.8124093366469167
     55.8808139740811711       5.1911080963780840       8.8677485235083697       0.9175624664733775     145.8145188850600960     129.2561675277953555       3.7946226538183634
     56.2140826615182689       5.2398749226521701       9.0322393216935044       3.9602617336261545     145.7090187027829984     129.2409173179774768       3.7793192451724340
     28.0755861571349001       5.0824176952619879       7.5889792444471311       2.3968572980141261     145.5936815219260438     129.2225759794278872       3.7582316428390330
     55.4345405719626356       5.1138014602948791       8.7739038020336704       5.0788324215876202     145.4961700847550787     129.2198526573309039       3.7394931028429337
     83.8311918466856838       5.0597532617789147       7.4262360830179066       4.5030625038255465     145.3834550788041042     129.2054074183346302       3.7192040850734078
     47.8409355960229803       5.0170170479671938       8.4602687341507146       1.8346580509226413     145.2883839614710837     129.1770581353222838       3.6978650282070711
      2.3122385786986221       5.0219606227171454       9.9066821909112033       4.8000180676775273     145.1804639371155758     129.1665128083871821       3.6777506947597254
      0.0000000000000000       4.9610857263957042       0.0000000000000000       0.0000000000000000     145.0515398735201700     129.1675732980967553       0.0000000000000000
