     38.6967685361576414    2049.7640332729656620     529.8634243250003237       6.0796215969799761     523.0334933794766812     138.6970371226055647    2049.7640332729656620
     15.9381953661753677    1067.3881547470496116     259.8105341385951306       2.1235014471006224     364.1223773640223271     103.9964539440833562    1067.3881547470496116
     23.9401180814426482     710.5598619862770420     186.0237183917916752       5.0289343351226563     311.4554502589643903     102.2283023914882421     710.5598619862770420
     27.2606144692333352     467.0892460649479858     117.5278064066684180       4.3741581391134758     282.2662889253592198     100.1265260153918319     467.0892460649479858
     16.0839329060740859     387.3171287864511214     118.5305577933981880       2.3626699678555241     265.1740314865338632      98.8089306183636893     387.3171287864511214
     35.2965892524556040     204.1869119982364396     110.8036275904591434       4.0511266429150936     251.8589038653670400      98.4606328647511759     204.1869119982364396
     19.7738129482306988     195.8620829669563648      76.0445328464553967       1.1074762114242773     245.3086920920572709      97.5978483186547265     195.8620829669563648
     30.8782733442097310     153.0362836571661092      64.3294464521573985       0.5298061193409964     239.1919770242837728      97.3116263628168099     153.0362836571661092
     32.2896905510164700     154.0748328755863668      68.5707529811278960       3.5916012748551083     234.5447159095014911      96.8870005096971880     153.0362836571661092
     12.0480070361066414      92.3276787889679440      49.6109607711217961       4.5607434696342324     229.9560034256022334      96.4204521925457527      92.3276787889679440
      6.4390802752717455      91.1248498154244828      51.5496661569791783       3.1771602330757531     227.2710406383323516      96.3686846477412900      91.1248498154244828
     41.2111771292248932      93.3678840185819041      47.1108772189404021       4.9951547020085201     224.6522383816759998      96.3604826879215892      91.1248498154244828
     27.4057450753393788      88.8890354657727784      45.8918020131006728       0.4876001819305245     221.9993944695781352      95.9784150258353463      88.8890354657727784
     31.4887623669900236      86.9210283772521990      41.9891637274028326       2.5368583307193120     219.4837720855213945      95.7938387372226714      86.9210283772521990
     45.8022153218456296      85.3240815661534668      45.0165792464910268       3.9605255252738942     217.0707104476291534      95.5637608209098772      85.3240815661534668
     51.0091800754294979      86.1407384766734765      43.7915099355720017       1.9759736178223619     214.7295631825348607      95.1510828669756137      85.3240815661534668
     65.3233927597501633      87.4626485201248016      44.5139369915393175       0.1913442991884082     212.3914465076388751      94.6092094304915321      85.3240815661534668
     20.3717361587470052      85.6673920927119354      43.6567991077645914       4.7073262148827126     210.0431333743361222      93.7554709224634308      85.3240815661534668
     31.3722762599410707      85.7872436710916162      74.9262983977169910       1.6557502393973635     207.7678788803833925      93.6553548608381021      85.3240815661534668
     39.3992140147361027      86.2543898225504932      40.4656824637665480       5.8062133211841029     205.4876313109360240      93.4571423767523157      85.3240815661534668
     25.2139813470427434      85.8894510816961940      40.2927651930649020       6.0052622917188074     203.2458871175661557      93.1455387609199761      85.3240815661534668
     33.4871903571695313      87.8988137777277672      37.8758480054108375       3.9076698983611067     201.0385517222052840      93.0303822838948804      85.3240815661534668
     29.6720170168745057      77.5263446605345194      38.9502344137290351       0.1891732724710025     198.8026153253130701      92.8093395713772367      77.5263446605345194
     22.3982940722030115      72.6289235742777066      49.8212236275392542       3.5769406555394170     196.8539534071667561      92.6395840708593852      72.6289235742777066
     28.9337561692616383      72.9158570919700963      37.2550754480226587       3.6982753536488389     195.0476393558722634      92.5549337231827991      72.6289235742777066
     32.8774964437240840      72.7648370865898642      36.8583198972374433       4.7552258006383710     193.2490733750333902      92.4210527735003637      72.6289235742777066
     56.5610908352917292      72.2456986296803905      36.5919817031619630       5.1958168903559709     191.4711019102021510      92.2425117066415368      72.2456986296803905
     18.1953272447453003      72.0297361713925426      35.9324351439543079       3.1756946172156830     189.7238778190087203      91.8127398071679437      72.0297361713925426
      3.0142342990648552      72.2032784843904381      28.6821372261012044       1.0986188531954255     187.9968805008133472      91.7773189936301321      72.0297361713925426
     38.9209034969957557      64.3005375618684667      32.5018455956591765       1.2816498263403417     186.2822356025956481      91.7734854719072928      64.3005375618684667
     36.6727330216564553      64.3439421218054548      31.7219343746113296       2.6148311465570231     184.7626597413513139      91.6250794366797123      64.3005375618684667
     44.7893096404227720      62.9950053556198739      35.9402913357692952       5.4638394261904324     183.2609355776069435      91.4617125876454793      62.9950053556198739
     19.3152751018557289      62.9847371740364679      33.2609303639310596       4.8818192074453037     181.8033657080389958      91.2384443421395588      62.9847371740364679
     37.7875832341368678      60.8807522850213658      29.7745341947397613       5.5994832858753654     180.3565603273637805      91.1845865386308390      60.8807522850213658
     59.2964172086888510      58.4113637159634536      31.5210398633521578       1.8059980482924374     178.9680129633619856      91.0488475744511732      58.4113637159634536
     20.7139023297789713      59.1630297243357646      31.1438826767089942       2.7092417541773983     177.6486397870990857      90.6953847709653331      58.4113637159634536
     49.0448084579739358      58.1990659108537969      32.1062486304945054       4.1000084402096917     176.3141483353432193      90.6320400001605151      58.1990659108537969
     21.8470769908406908      53.1984461591300430      28.8810554843108491       3.6873453470237081     175.0190744204391819      90.3954947669539308      53.1984461591300430
     33.5221399086671781      53.2854711779141894      28.8710195915107661       4.4062099831701715     173.8424595057890372      90.3567829962732816      53.1984461591300430
     79.4834583448152756      52.9361069178893757      27.8390356581361189       5.9379081345012565     172.6583630811505827      90.2524940553411170      52.9361069178893757
      8.7632619463626433      52.4345579969302378      26.8819660442670703       2.8643567987949581     171.5054017179374171      89.7292293748215570      52.4345579969302378
     36.3142798750578208      50.1101985339281057      30.6299714040948672       5.1231245626889432     170.3706965009797898      89.7290127511036530      50.1101985339281057
     26.8014678370648767      47.6819290325397986      25.6930333807261810       4.6608775827101425     169.2902535406598190      89.6079579317593016      47.6819290325397986
     37.2753020562991182      47.6329064045072101      25.7645767137483368       1.3470492161125520     168.2709952428809004      89.5461045993906879      47.6329064045072101
     24.3784555337566040      47.3840855892376425      18.2991118426834802       1.4024464226225035     167.2566938236408873      89.4418655816762111      47.3840855892376425
     31.4430538028017210      46.9744760313453185      29.0990603968423969       1.7337423227857442     166.2555984669299107      89.4027085197765103      46.9744760313453185
     50.4406328292478605      47.1228168505312084      25.9149563050981229       4.6515794279460323     165.1060318797308355      89.3223460557085787      46.9744760313453185
     33.9928566725896530      47.0250602761504553      23.9849633643363305       2.7372862687973765     164.1232218921091146      89.1486978940089045      46.9744760313453185
     67.1849281463077546      47.5109597693315209      25.0753314053091430       2.1503298456794226     163.1468138185357475      89.0649618230589937      46.9744760313453185
     18.5086861717628075      47.6481118839297793      24.7807409810868187       3.1472762952965212     162.1690462708864402      88.7334475240536165      46.9744760313453185
     13.3695306270823355      46.1115365006243039      24.6098755569230896       3.8554895704058225     161.1920826934369586      88.6982114099289305      46.1115365006243039
      6.0423775821315342      46.0639052472086874      47.6497622687138858       3.1867853781425737     160.2543424204966982      88.6921558472757710      46.0639052472086874
     44.8784384992228027      46.6512072433750404      24.8715093383987060       1.2138174495906213     159.3230219965558376      88.6882355527476562      46.0639052472086874
     20.9181388976650133      46.7188654773926402      24.6573950796432584       2.9574453832231455     158.3752979752128454      88.5573116869768597      46.0639052472086874
     33.2793755580172146      47.4022250223224475      25.7561488785319241       0.1648212287785142     157.4293119640412897      88.5289637473092910      46.0639052472086874
     37.7549140122696727      43.9798160704734400      23.7818380343886098       5.5144022508951167     156.4645693919793246      88.4358381392926418      43.9798160704734400
     24.9492115169060291      43.1223135642196667      23.1966848030900898       1.5103775741720682     155.5738822516224502      88.3428875089238801      43.1223135642196667
     61.7578581441363283      42.4866261657318276      20.3690584551903306       6.0009438329921778     154.7186190950225466      88.3035382191802256      42.4866261657318276
     30.0929840210285953      41.7789521846904250      19.7429621234928483       0.8560944989533752     153.8896792802804043      88.0975172098312100      41.7789521846904250
      5.5475847017527524      42.0582701304944990      22.0073188396327240       3.9850774523059016     153.0765910659858662      88.0408432214711780      41.7789521846904250
     17.5158029718945052      40.9671296386088670      21.7265265661111933       4.9973697033331774     152.2623140658688783      88.0387603384615431      40.9671296386088670
      7.1869168886219095      38.4491044243327096      20.2239065224021957       3.8770334109197364     151.4748288595888823      88.0156487008040642      38.4491044243327096
     28.4414632669918710      36.8413003905150802      20.9092315227250296       1.1626595780638169     150.7398203202422451      88.0118936186209737      36.8413003905150802
     36.6419371542863743      36.7311435779148425      26.6573170464945264       4.7572924430335917     150.0369830010046996      87.9740126630052259      36.7311435779148425
     47.0905681257731459      34.1385038511180738      20.0317295402978921       2.0224627658156322     149.1749007113721746      87.9058621880792543      34.1385038511180738
      1.6439311843164508      33.5857948180889281      17.6661130843949259       5.2502108150195710     148.5321589898803154      87.8178925920496454      33.5857948180889281
      5.4318642175423761      31.4656973364089545      21.7315798912643707       0.0810837813208352     147.9026735482399033      87.8180306759401503      31.4656973364089545
     29.7118239177693582      31.1088994739601965      14.7404331920452165       2.0586633024634438     147.3007805927365723      87.8133775069078268      31.1088994739601965
     11.7959194258646107      29.9771942809349881      18.5009884626225336       5.4919290387818620     146.6510438133484513      87.7764161196311363      29.9771942809349881
     32.0175606466100859      29.8762677691625456      27.8307680603313621       2.9527014353719068     146.0925984365620423      87.7772038735895279      29.8762677691625456
     29.1328041635779798      29.0271338702325643      19.3565295798806467       3.3712394245142576     145.5361305631208779      87.7350426880241940      29.0271338702325643
     50.1824321411300289      28.7231656413700094      13.1127701579315019       3.8567431502799963     144.9948234768367286      87.7071172038668436      28.7231656413700094
     48.1195362607180073      28.0759971434765312      18.2926160967833020       0.9734638418979600     144.4657196136452058      87.6196428267404599      28.0759971434765312
     26.5002812409356743      28.3571045064854346      21.4505573210905531       1.2565413796531146     143.9540697798850886      87.5451832527584060      28.0759971434765312
      9.6391676732691405      28.1175704159957078      17.1249462069997449       2.5890776971557870     143.4380459821666989      87.5168977506357351      28.0759971434765312
     33.1184339452701053      27.7194366361039570      17.1733647777334539       1.7275223031886497     142.9293755579081164      87.5175328998838040      27.7194366361039570
     36.8166551910781763      27.5927732000205594      17.7131310417545045       4.2452164502522436     142.4206636930105958      87.4926353136818022      27.5927732000205594
     10.1771679880198107      27.7339475348490794      17.1086182101868403       0.8818654326699331     141.9040975135263807      87.4508908825328746      27.5927732000205594
     36.2533160629999358      27.3369670055570246      16.4080856405811275       2.1503286102800274     141.4075858809010242      87.4512211078599933      27.3369670055570246
     35.4179725086197337      27.2691191658462024      13.7146493977661983       1.1304418958700850     140.8746663894122548      87.4041157642027429      27.2691191658462024
      1.7206171456811148      27.4657461402899479      14.6343827056519036       3.4583878048745618     140.3723904497508386      87.3798514279854572      27.2691191658462024
     15.8507675043345380      27.2426420817531501      17.5043729228627107       3.4450293106549879     139.8817912376235597      87.3815399337655521      27.2426420817531501
     32.7733870885539318      27.0764432241372717      16.4781071663016796       0.8477217991115182     139.3978906384971879      87.3718338431723538      27.0764432241372717
     29.9915441010692483      26.9292092846197804      14.0148929977405565       2.1644743488416651     138.9153261863972091      87.3360439703872373      26.9292092846197804
      3.0417398321330742      25.4328607460458223      22.8844862005493006       3.6254007057198550     138.4255306658690472      87.3097205578437610      25.4328607460458223
     24.4374782019086183      24.9343512508237026      13.6081536475623590       1.9559470806109829     137.8759558792883979      87.3079029469217573      24.9343512508237026
     19.5470324348265549      24.2981100132305059      16.9579588366972089       5.4262601395506209     137.4393806822277782      87.2873544709815548      24.2981100132305059
     48.3377284768774018      24.5241364498685996      15.0837663203649797       4.8639939062034756     137.0156113956941795      87.2746712874654946      24.2981100132305059
     35.8949484014566877      24.2470236212418442      15.2653342071966556       2.1049539453363622     136.5898927260069797      87.2166846523687127      24.2470236212418442
     12.9124862683199559      24.2949666090083412      14.9730398540200955       4.8545734421262097     136.1681459812969024      87.1805126359051314      24.2470236212418442
     61.8671090767528824      23.2503488044833375      15.1379282182099075       6.1097172550704073     135.7508147137191656      87.1710021401425053      23.2503488044833375
     24.3345733762986782      22.8900283996674716      15.6470393576326625       4.0463407349946436     135.3406615905259116      87.0760569617605569      22.8900283996674716
     19.2840139184375765      22.4808341593729075      14.0728344997399422       1.7110201617891079     134.8637011768753382      87.0629150990544645      22.4808341593729075
      2.8658026182181717      21.8207140966814848      15.0890486301392457       2.5860520385961507     134.4660588983587104      87.0507146372246581      21.8207140966814848
     38.0410709611931921      21.6305801680489473      13.8869672380183378       5.3410861995265151     134.0788116247730386      87.0513686394782127      21.6305801680489473
     22.8292352660320894      21.3241343052482470      13.9515725699725568       4.1772446929301594     133.7071435401606720      87.0154316024824794      21.3241343052482470
     14.3149765370284410      21.4623309294438620      15.2658463801491067       6.0852850168353854     133.3458391841986383      87.0076908734571646      21.3241343052482470
     31.7274437383480645      21.6075795825669488      15.1481614079281801       4.5541794446237844     132.9846199055976399      87.0076298204599254      21.3241343052482470
     29.6348314603721334      21.4287734435352455      28.3712137439912873       0.5684733886540059     132.6129206591404568      86.9863049738550558      21.3241343052482470
     29.8930862223904938      21.3797866807254984      14.0305906131782869       2.7291797269192983     132.1291361453756394      86.9631957311775778      21.3241343052482470
     30.0366224089733684      22.7382559885309057      16.6844241616648041       4.7568372035660360     131.7533656342351094      86.9412859395962840      21.3241343052482470
     42.6992481174266345      20.9158813471362528      14.0374765366799963       2.7908173468370450     131.3003810590090268      86.9172890141865793      20.9158813471362528
      4.9531784898147606      20.5923057330971595      13.2206823845093417       3.8838298908797668     130.9540955845470478      86.8835108690963125      20.5923057330971595
     41.8169324373799114      20.6629786748291231      14.7961743093517022       4.8707105327833489     130.6132344977064292      86.8805007920359458      20.5923057330971595
     31.9576591520240640      20.5646256723027179      16.8625048064246030       3.7288058154575054     130.2726965068365246      86.8442619510500577      20.5646256723027179
     50.1241191333820453      20.1404709125033037      14.5375354729055779       3.1727912760164116     129.8906131709354099      86.8185536499093615      20.1404709125033037
     24.6999078969366010      19.2486573001892651      12.6319284769540765       3.9837907446838443     129.5321439837485400      86.7666140834210182      19.2486573001892651
     62.6390580578483593      19.2139925840614154      12.5005059073092415       3.1586879527369973     129.2138925064082002      86.7549857965909013      19.2139925840614154
     34.3787512256267007      19.2955322521580079      13.1525320605726268       0.8845006222348317     128.9008862422542734      86.6852105769330024      19.2139925840614154
     52.1244091624564874      19.1351385467087240      13.9283402010992674       3.0974554850311478     128.5858404953104071      86.6649261547097893      19.1351385467087240
      1.7635013525970877      19.1504929679193481      14.3351184130436504       0.2717816299685225     128.2755792447624685      86.6246346965399852      19.1351385467087240
      0.0809200750804998      18.4310236626336277      14.0664227550716827       2.6318452847511224     127.9387154183745281      86.6277851816910385      18.4310236626336277
     35.7088498508667556      18.3654716622703376      12.5631957202281885       3.1529307593648781     127.6411510401457150      86.6310298014068252      18.3654716622703376
     41.4021662356491689      18.3260452965294469      13.8834112689262739       3.0517892576229286     127.3394896129388201      86.6062787087961539      18.3260452965294469
     31.8827336517200877      17.9400821413933400      12.9240812916926089       0.4745364158391610     127.0405265913734070      86.5839760787693677      17.9400821413933400
     38.3245692293010691      17.8983454978011380      13.2845766181278151       0.7000271027885034     126.7111354406827672      86.5663258168438006      17.8983454978011380
     34.4975621154046053      17.9075220479942949      13.7966655766950748       5.1586245136180224     126.4212743375644976      86.5318600650269190      17.8983454978011380
     37.1888289732121393      17.9994215914696483      11.7434779659383111       0.4636329527805216     126.1308758971469643      86.5153533919529565      17.8983454978011380
     36.3694737663770411      18.2407964899775941      16.1780896005178221       3.4710827582223800     125.8415198511054882      86.4934455802175108      17.8983454978011380
      0.3259832493452010      18.1664066422290311      53.3501305274537998       5.9469737503676043     125.5099769817826854      86.4727627647685608      17.8983454978011380
     43.1611407492738834      18.1736296436650271      11.4072738677269161       5.9766649861899879     125.2205332989225894      86.4690457875655767      17.8983454978011380
     41.6983246842107889      18.0725978801883187      35.2633904899818731       4.3234685492991929     124.9331663392100751      86.4441509447424323      17.8983454978011380
      2.5403804059523782      18.0368392166381923      15.7784775799875305       2.9998748127748485     124.6420873787911461      86.4140357715291856      17.8983454978011380
      2.7636114043783082      18.4264893757568835      12.4281002116164068       5.9705118982215737     124.3575829043589493      86.4119462099562554      17.8983454978011380
     47.3935341933583487      18.0736730279573337      11.4526245699549403       1.9003879292998107     124.0590498695348600      86.4082347347893460      17.8983454978011380
     83.4148715086873977      17.9766091689719012      11.8843154780910130       1.1302129390626803     123.7758906351035506      86.3826557608668821      17.8983454978011380
     31.5728699246697069      17.3340527760720562      12.3103845196764947       6.1930178836533543     123.4956103622427435      86.2838523524091556      17.3340527760720562
     51.0680338698508862      17.0694155739268822      10.5660209520849815       1.5213488025022315     123.1926177138676479      86.2754620510763743      17.0694155739268822
     53.0022436857564259      16.5175572153777885      10.9752300563345742       1.4700430720825324     122.9002581341369051      86.2346485455840224      16.5175572153777885
     39.6577512776563168      16.5063941204429980      28.4160984994136747       4.6335280988771927     122.6442969739341891      86.1967552586661583      16.5063941204429980
      0.1633800103155154      15.9904344386945301       8.8400016153892498       4.9052647464671537     122.3864379087513328      86.1731166200373053      15.9545897701910029
      3.9490812906957928      15.9017311767098803      11.1968578416835332       0.1020964698130271     122.1361095188861441      86.1697202858506586      15.6535597745270216
     61.5571469462548606      15.9057489909866323      10.8626721019715795       5.7595193960786020     121.8907449318411835      86.1677368909850259      15.4774685154713403
      2.9677150798062573      15.5844942361496894      12.3767503350294863       5.8587907593626625     121.6433980448960313      86.1187098477056736      15.2556197658549841
     44.6993101311315257      15.4871794843597055       8.3361461535122903       5.2730338636514063     121.3686402478438708      86.1172982468466444      15.0514997831990591
     65.5561616554167728      15.4986615608734670      10.5475468292442773       3.0598679728048381     121.1282283401113631      86.0930116148569908      14.9131970850327775
     28.8502716990622012      15.5312161078598479      10.3453617120191552       4.5096976264378981     120.8914718305734795      86.0356436662237485      14.8084617345127647
     20.5383131729381674      15.4483892339870508      12.0881833805345416       5.9171552289534048     120.6499544169138431      86.0289074532004321      14.7241408488127288
     13.7214883738827087      15.6777615544910542      10.7092043204096754       5.8946694805398039     120.4137221517473506      86.0228050199681604      14.6758361692381740
     34.2173758919725586      15.5028800636906237       8.4128398974295830       5.9304319314740752     120.1741626495131214      86.0183657928515544      14.6121670893687963
     17.4431978201456381      15.2734369510468486      11.4372589990832676       1.2406536052424570     119.9346869380283778      86.0092587390935677      14.5232260060320169
     35.3860019940315240      15.2408506086264310      13.7954807382573641       3.9628480741578613     119.6992571654089090      86.0027742460619748      14.4494397918710966
     35.5170333646213123      15.8290013612170419      11.6765196104382358       5.6629130508134295     119.4651519175808971      85.9854907261928361      14.4360758303131167
     19.6398562823708502      15.0153780710293798      10.8335511581411765       2.6640056821109255     119.2149207156427053      85.9697456847076040      14.3313404797931021
     48.9919353097922610      14.9106081900571290      12.3553302944719476       2.6331427697498810     118.9804089298138337      85.9690361853428442      14.2303139005902146
     36.4663667758577859      14.3989278209929417      11.4754596650876870       1.7106105400146561     118.7357739532395442      85.9263733384246535      14.0051997635460914
     52.7469373748883541      14.5231649397750875      10.1309349616719100       0.5770124440407969     118.5021292777238671      85.9087947091826578      13.8901317809640847
     22.4153784086850330      14.2937112355254445      23.9840092795882676       2.3584431448382901     118.2827869113309873      85.8676476357236140      13.7450747556483730
     29.2662927975167300      14.4988477213039957      11.4393145524888862       0.5924866481312208     117.9977065710781119      85.8543404858002930      13.6735564029432766
      9.0717937618003877      14.3599528035271149      12.2303572113382550       3.6149215993121260     117.7707632475716224      85.8475180379510050      13.5928619341734098
      5.0911307741663610      13.6402368186062244       9.1775568372478062       0.9682668693952152     117.5566290222503767      85.8457344362718828      13.3151032809224166
     53.4234146779543266      13.5716333561781379      11.4379332099470510       0.7266249752813607     117.3506271722167611      85.8464043573905684      13.1233600763239409
     44.0525803328841121      13.5182237555626994      10.1188531347678552       1.6771589727270992     117.1490168603837958      85.8167712999263301      12.9764092532535891
      6.1780965343306224      13.2839118952016335      21.2217828935670383       1.0641324642295373     116.9487764419625648      85.7960812851465278      12.8026073747335296
     39.0166978935124575      12.8390097500966061       9.1406796938890462       1.9601742697544040     116.7481076990302284      85.7937072335069359      12.5193826669502553
     39.4299724742452469      13.3980042973501199      17.5301645627113025       5.4358048198240141     116.5563236009966346      85.7783137674201868      12.4654754008120836
     62.3462366590462906      12.7996563569511714       9.6531135159141428       2.5279178539697540     116.3297424776651070      85.7636563375545791      12.3001244366708580
      0.3105949292944956      12.7294739893252373      36.6726183425190158       2.2734241640462614     116.1401588991057849      85.7196196806437456      12.1627588225161674
     19.9433971658003486      12.4909750442141014       8.5308774809586883       5.4199779372332415     115.8995765256591284      85.7176208421238925      11.9955483778699090
     25.1766472277108733      12.2383858906772804      11.2307707267765746       5.8047442973964536     115.7114749071407687      85.7164079194748751      11.7991929964861519
     16.4897599160586097      12.1825424151400306       9.0536574876803844       3.0444956911144772     115.4906520898176439      85.7045311788387778      11.6488515779826862
      6.5551085677563066      11.8502142336441274      10.0068227542005168       5.9801136413130536     115.3117835820939661      85.7000543773265662      11.4369321024134702
     58.7835533450082934      11.6285570975812700       8.8686009474507248       6.0637943359520960     115.1358042271843658      85.6974819544168724      11.2212319822654187
     50.7457326585562640      11.6278344877852966       9.2993351157378115       5.2371609853192496     114.9667962471773990      85.6669339501324458      11.0775641543237544
     27.7925847092341023      11.4417467189094673       8.3606740645075526       0.3268344672199461     114.7957469105288482      85.6468188470533107      10.9215200285293506
      3.5566513349156224      11.3795181713184412       9.7776400157270693       5.3260419766532578     114.6292011411908902      85.6349275839013018      10.7917208072265058
     29.7966273769228778      11.0865618645762467       9.8743573427943687       1.1902276272724492     114.4635732043721390      85.6351933021808520      10.6135570796551004
     13.9653605847030260      11.0976117324137302       8.6292292666608965       4.5519864132568699     114.2839701599095719      85.6249566751554028      10.4903417302037880
     18.7247216649112502      10.9773714364096406       9.0477782009338696       1.9305102801429683     114.1226208171395484      85.6260764921833299      10.3678584746415883
     36.1207524488254990      10.9633034421154179       9.5271819346673912       2.7042775123903056     113.9621595492668433      85.6239550845631925      10.2696170102581732
     36.4346465496995293      11.8258812713768275       9.8440215903836812       3.8654808237973128     113.7906581592963562      85.6062130973888884      10.2577163807907663
     10.7449272715001563      10.8855210129667874       7.9162057141097657       0.4313276410633122     113.5857756134690675      85.5979669865217971      10.1658347198919436
     33.2285876084487910      10.7594513706085699       8.2635656928182666       5.1939730325442071     113.4294428671433508      85.5957783693589249      10.0672228801740467
      8.2904007828298489      10.6374217672374822       8.7771239736147404       1.2726378593491035     113.2545330503422321      85.5786458638363570       9.9637507435339163
     29.9424377742204726      10.6753858561374351      10.3796944808800173       2.8267293647862033     113.1021122689809886      85.5782297762352187       9.8866549066630771
      5.4967332991704190      10.7141431452784452       9.0179379102148989       5.4406077574506782     112.9090597705161940      85.5712868678039627       9.8264222516468216
     49.7398394632983454      10.6649969904604909       8.6567086103911048       5.1513978954365740     112.7346392260235177      85.5707469053841265       9.7676094334181034
     39.3358147273356735      10.4245076070757783       9.4332007746452380       1.3560826816958951     112.5821024583754735      85.5521987705158722       9.6811271172111280
     40.4569012837662925      10.4453047608182796       8.0343579849236644       0.6299209590745747     112.4102960260984787      85.5409316538460729       9.6121564295441573
     47.3070626587985430      10.5423976042185625       7.6566215968026743       5.1202882029077301     112.2615286558125405      85.5251530099447024       9.5639382828882038
     31.3633365549577121      10.4245092675157647      47.4198286579699300       3.5584502607292023     112.1101069733687723      85.5047777184808950       9.5078505696022155
     37.5009163203592024      10.4544198828451727       9.6326439183010617       0.9515896543255664     111.8903781173165015      85.4877766985620724       9.4613196985437522
      6.1679820508949046      10.3585765943426118      20.3741363226999823       4.7419216631445380     111.7387888567768215      85.4776202097662434       9.4095152058145484
     38.7726235963533625      10.3970513536442279       8.5726831735207689       1.7062370992628502     111.5473316291850665      85.4768847843323982       9.3669745400624009
      3.2777811082139792      10.2987758996151655       8.1837595780417995       2.5226767754341353     111.3857922024697160      85.4615560673258159       9.3189199801086708
     53.3541933223347158      10.2912739690622903       9.4638627540792033       2.4216246881463093     111.2315978290200462      85.4608959854118240       9.2749400584509356
     47.9133380505728041      10.2826814335614856       8.8737200273136967       5.7553448390297746     111.0718229197696303      85.4397609768741262       9.2342454553878159
     14.4114340992392602      10.1825759066270667       8.6706081597405902       4.9537422274791680     110.9246590403368486      85.4241640171924814       9.1878930883952954
     47.2120118330595488      10.1351310514940405       9.4250135650900209       1.5607869613580050     110.7799571725395964      85.4228842510384965       9.1414300046426877
     51.9713185057057743      10.0303226237858851       8.1892025430967585       3.0383365268992719     110.6284996487693917      85.4036549623888561       9.0886768538572316
     27.0811919519937092       9.9507107957988303       7.6370807353580856       5.0498411601777917     110.4870072585430734      85.3831439071276890       9.0327661105269392
     11.2840076410338259       9.9163837581981902       7.8937539917173680       4.1310940572641783     110.3441035802615886      85.3754728438224504       8.9794063848228536
     33.9579091357240870       9.6574355154655276      12.3779932015720000       4.8178683381032243     110.2053039857919856      85.3749796489506139       8.8966641178969539
     17.2395223876295667       9.6285911122273262       7.7035390924130622       4.5095962530233891     110.0372426031208022      85.3640115454079051       8.8228049253796108
      6.3875588447234888       9.6413257741608653       7.4235168463610943       5.5248633104541369     109.8999225614712287      85.3618225704176865       8.7614005057484867
     34.1432749900132535       9.5923363105924668       8.9202995201569379       0.6268842191878363     109.7495611947769873      85.3599030348683527       8.7016128252584632
     45.2696778626183232       9.6159203414718011       7.9451680138006582       1.8968721642288955     109.5904734981519368      85.3558274202735419       8.6516924848015098
     22.8064013730114930       9.5520122713359434       9.2976307450601183       1.0196105711896095     109.4542061473624557      85.3437338185490120       8.6002312801674297
     25.5122295978300606       9.4344558667829812       7.2739643710161292       1.8522601840507349     109.3039694051346800      85.3398139386522985       8.5408651754880598
      5.3133000675017250       9.4899477187887680       9.1196467393573322       4.6060630317863769     109.1707940756776338      85.3364440697151849       8.4945889273815993
     74.4046246947790593       9.5060561903167695       7.5063522364509589       2.8490322542550501     109.0339454695442072      85.3376575552123739       8.4542262924095652
     44.4941687893963405       9.3327038200476320       8.0459522772092900       0.1315933875251218     108.9032622031555917      85.3032594654304859       8.4002691515686188
     44.7615173069940013       9.2380552752155598      13.9249115598115978       2.6177121292042074     108.7731451743551645      85.2914588870228414       8.3413564500853870
     15.9584179782246505       9.2687135123611952      11.5521128255029772       5.1778858014343569     108.5878770315220265      85.2721314680230904       8.2928342752568440
      6.0322901203951886       9.2889402767501377      30.9231326951585466       1.0012341258937383     108.4214059222686046      85.2669905492089555       8.2510861470415851
     50.2978725304433709       9.1625954203744939       8.8661683620807210       0.8890603323910042     108.2457985590795317      85.2632090094237896       8.2008610823861829
     50.5911735980965460       9.4081449977664775       7.7208924482576098       1.4572246046866866     108.1140653291360962      85.2475930875672958       8.1747176182977821
     27.2680151810891438       9.1566072925329891      37.3672039720881557       6.1745459715508133     107.9800107482719653      85.2330984661357718       8.1316469768917248
     26.5163018826915504       9.2149028716425310      11.9988001532017083       2.9987246113653754     107.7785625854915850      85.2225932322823070       8.0971969532390720
     77.4247977834631627       9.2002814067003307       7.2577456269610625       4.0933521476747927     107.6263179566544750      85.2190939304270927       8.0642275667822823
     53.5562508585551811       9.0895112785226413       7.4063336377162514       5.5090638765444311     107.5007351506137780      85.1808068467083075       8.0250735325410982
     13.5454407195066810       9.0457309908281491       7.5897067497686468       3.4229802539251040     107.3706783936946749      85.1617461614107185       7.9855187182974730
     23.3869161811473631       8.8754004220768863       6.7573511847867316       3.6930970320884597     107.2459449735094381      85.1584969003560843       7.9328786139156637
     46.0379892686566166       8.7782437233441648       7.3731316049111300       1.9285046048010344     107.1246780235558447      85.1549235823000572       7.8749200403346702
      5.3644822820745448       8.8263540042275928       9.7730468434485491       4.2036087843137437     107.0053464971479826      85.1381391373921019       7.8288808767327245
      0.2255432471887901       8.8748962726330163      13.5662655756486910       0.1521344701312088     106.8359996897401629      85.1402641587932010       7.7914756690708122
     54.6348966609062643       8.8492872976864394       7.1640564308982828       0.1313996733027167     106.6987138106259749      85.1400465526896255       7.7550318935337001
      9.0086658175792387       8.7616565678809604       7.8395193832033545       1.2663781148860807     106.5791253075210108      85.1232927947582567       7.7142372918944302
     53.1315422800334574       8.7689283356764438       7.0344660039113238       4.6680693682922509     106.4459742234974300      85.1229145541712739       7.6775415062367545
      2.4606035203059804       8.7420143232742031       7.9352883333394768       5.1035414693590866     106.3225540335204329      85.1075812727984271       7.6416301272648699
     71.3783152682351698       8.7570513797474643       6.9478858512766610       1.6603005701456794     106.2005687944015904      85.1093492673126661       7.6095508420561231
     24.4689225415805041       8.7729903982056836      13.8800259174101583       0.9766427084780887     106.0833460682694067      85.0811131614903644       7.5807204970208426
     40.3759571566051605       8.6451362448468281       7.2758595525630554       3.0693991099890781     105.9079335319228932      85.0760261378582641       7.5448045907283365
     48.9630023777017627       8.5591625414822143       9.2868391031724880       1.3032442976384999     105.7884722802552346      85.0645609931386986       7.5046977370864081
     67.5524046978534471       8.4879617678983568       6.9002966685681839       4.4716003653068555     105.6685913056413142      85.0470511267454299       7.4617566701562277
     25.0164961849631275       8.3254318169484876       7.6228195601648299       3.2323955213708331     105.5552813409356361      85.0219802984613438       7.4060438683848124
     20.4445689672033737       8.3123199858349839       7.5101891774406058       1.4866432146066444     105.4358721233699470      85.0169929018117045       7.3552442103284745
      6.8529361280615717       8.2555885981148567       6.7405016498251049       2.2937202968080754     105.3185065442965254      85.0144664597287374       7.3037857651057720
     42.8217744711253090       8.2650339037996670       6.9329171797940674       5.4130489630818630     105.2071084685544946      85.0141329633440819       7.2587237757125518
     18.4761719115111021       8.2327070885535516       9.0133965659591126       2.6235919789235567     105.0936549952415646      85.0053365533896255       7.2149004746729881
     23.2851580817722379       8.3146327237111404       6.8101623518829602       1.9096331702151446     104.9656672468548919      85.0049973088650006       7.1816851482003337
      2.0659530211536974       8.2658323439073005       7.7964631383760707       2.2440395763026544     104.8523816583705326      85.0027847695050980       7.1473030306437062
     15.6472242612088053       8.2812571037213569       6.7566664359117814       0.0522104459617410     104.7398243655613470      85.0029332101512693       7.1165175083945220
     14.6676959390402626       8.3647107641582767       7.8206492288542826       2.7999760104778915     104.6273891624575469      85.0001024312462903       7.0926609314812863
      2.5145563317327020       8.3077940202926328      11.4644778862528653       4.5282968371741816     104.5153042672336312      84.9986495596355098       7.0669721514477715
     33.6973567706523838       8.2843710368733525       8.0529612369123882       4.3164617132336360     104.3817444184512908      84.9948221890327460       7.0414131879548760
     35.2841886654528523       8.3413470008461594      43.0181085318509773       1.2917193269370699     104.2671443926615353      84.9860026501849006       7.0201716289371481
     43.0562560888135550       8.4180967808702007       7.1539486494417019       5.7949002578587425     104.0538635140278103      84.9762008376246740       7.0031377196286630
     33.4284160451619883       8.2230293745051490       8.4439227578249607       4.1657289016932708     103.9357447147608156      84.9632399406997649       6.9777208420047945
     32.2044331842294440       8.1572272219804773       7.3658610795849313       3.0981730229162139     103.8085017227498383      84.9563709055602487       6.9499047814619352
     33.9056227316453516       8.1956258719761479       8.3236011263693364       2.6083239473576185     103.6981696980013368      84.9513181786676910       6.9259157104491793
     52.0591517261123968       8.0593680074858440       7.6196702141290684       1.9917633878779242     103.5722673431762786      84.9421362485499429       6.8950958336055317
      0.3391651824297154       8.0648135866114039      35.6871345365912092       3.2520757077539173     103.4546670715557042      84.9308242575412464       6.8666660172415179
      0.4080699791823568      10.0194076509798471      11.4343153486830911       3.9331332769877889     103.3330529068971089      84.9312567860615388       6.8663606024819490
     50.3636013507081870       8.0026118720409762       7.2293596648043863       0.9622969587310806     103.1652700861563545      84.9300042110433964       6.8357318977782802
     44.4282616799798333       7.8791007594018074       6.9360752474190202       0.1933308499958954     103.0487871211711308      84.9173104630883131       6.7981076804371812
     26.1349416246850552       7.7008757626509512       6.5858520559694576       4.6267629444248968     102.9361048740591542      84.9092704350922816       6.7469193869320900
      4.5350398424639922       7.7916873342701045       6.7125740919340480       2.3156933031480520     102.8329956082505561      84.9099207301243553       6.7094111045324762
     47.5051854879077737       7.6716550891546200       7.2202917207582233       0.2642883244064294     102.7277959224062585      84.9080322644447421       6.6644471683407076
     50.5147865668413374       7.6838495985805384       7.1269852485339404       0.4400155635760754     102.6231117288602519      84.8952388632734483       6.6247829631602908
     48.9124246076422580       7.6863370242297879       7.7914992857622902       1.2179598973146284     102.5133896434646203      84.8828707212827283       6.5886392342198237
     51.2916527759418130       7.8049703233322418       6.3376034982617755       3.3227437521621113     102.3777335654332319      84.8715750824198238       6.5630191761937260
      1.5284936092093020       7.4805946987271037       6.8202040436427360       1.8337258314425497     102.2713281217990158      84.8573678410964050       6.5134525164117738
      1.9342403572747584       7.6030264628761675       6.9372962843791797       1.2566643615012225     102.1667316412476367      84.8567831333090510       6.4794810884922702
     68.0776959624094218       7.3446551364232544       6.4926282767138783       4.5366491574734908     102.0615681583650201      84.8572634550846487       6.4239484905764375
     72.5320005545766975       7.3227902254095554       6.1905480487789122       5.2053718003056275     101.9657752222897500      84.8336442489586915       6.3723219010308165
     42.2753529022639754       7.3535269345115619       6.5350208855430285       1.3301822712658549     101.8707869505668526      84.8080120657509582       6.3291865894617665
     36.8965096523850349       7.3253500188773355       7.2327466747195617       5.6905850904493747     101.7751028103676560      84.7960546625014331       6.2874437399303860
     37.3438862167952834       7.3513039567939487       6.7084411645919086       4.1567557794099201     101.6712751190484312      84.7913680294281562       6.2514837295031995
     15.4330428479123221       7.4053280016720811       6.6912146370425249       4.3384886090118897     101.5705369941878189      84.7841600212977085       6.2220306945064889
     28.3300410958326836       7.3186437766488392       6.3243927818085117       5.3853869602802007     101.4720107706804555      84.7807544376867668       6.1885849564822211
     39.6505070294715694       7.3048501261321688      23.9175699235992063       2.5005329025500913     101.3744902578935836      84.7776533529899297       6.1565657261871030
      4.1500321314025674       7.2541153102154148       5.7427811857732722       1.0557893286989426     101.2542739934468727      84.7707047476198170       6.1231893364610288
     41.7100686273089352       7.2464167326749891      40.0900500265386626       1.4340340049368905     101.1561248718152370      84.7700141188032461       6.0916612802088848
     45.6874635855529192       7.1145016086691770       6.5371824643729193       4.4120399855949444     100.9906919253060522      84.7577978807044303       6.0522960882738017
     46.7508760099674490       7.2244096762287437       6.1109809074357120       4.8129595531703018     100.8930651795089233      84.7511263151079959       6.0240177142990676
     11.0234259725137775       6.9764025899683597       5.4731863645044125       0.2876957795909263     100.7987821679770803      84.7414774911695190       5.9780741436564604
      2.7416511223262807       6.9801313701084080       8.3557607343825051       4.0732807950283103     100.7073824367361112      84.7420038659941071       5.9368681182693388
     52.8692833121110297       6.9884447171675710       6.5410523444130240       3.8632833198119414     100.5999356561222839      84.7428892364033715       5.8999191959519983
     23.7479317913276127       6.9297015667744954       6.5140057864043479       6.0709249038969375     100.5027642422048757      84.7324520741687195       5.8611512120702782
     18.0064194093947201       6.9406306830995899       6.0626044834984683       3.1393156315373716     100.4114801291106005      84.7274146883136723       5.8264120848851322
      0.6466891345095208       6.9625848380931252       6.9386540108445383       1.8158254375269252     100.3207247140434362      84.7255647142906128       5.7957780732446844
     37.6220221204244396       6.7991249585779912       6.4815998835054431       5.5825186599589216     100.2261277494261975      84.7252408189314679       5.7546886495514471
     40.0503641878776051       6.7708964890949881       6.3735516420319831       1.0085869137058623     100.1274546128553027      84.7175105751086193       5.7147447295663829
     39.8449357933567327       7.1838517573461367       6.2307247506206060       1.6279111725291813     100.0392875544473981      84.7106038256313951       5.7002434728058606
     38.2194746114903623       6.7786510881824666       6.8518296360025106       5.2885689645966778      99.9421006088247026      84.7049137075961198       5.6654218742708062
     28.6988236800928256       6.7902488852092437       6.3114875973741356       0.6631278893421992      99.8491282727650287      84.6963212320097796       5.6340056797538844
     19.9819705730599892       6.8096879341684673       7.3676373931596366       1.4610837816274369      99.7574737415970247      84.6909110625194899       5.6059514451909580
     17.3469733417160121       6.8742546268915783       6.0366867769020125       2.6467181047831190      99.6575984145439975      84.6908828864587804       5.5831465688751267
      6.9435938307925822       6.7748429374460706       6.4073401317270271       5.7432153314783392      99.5669776331826881      84.6909201845496824       5.5560769767078009
     34.0501482593708147       6.7097682561121088       7.1049589448543173       0.1986554396083235      99.4790648026496314      84.6894586129034650       5.5266139715304572
     34.4637811105705154       7.0729465609126505       6.2464013507790508       5.5030262800476777      99.3796397592537630      84.6806677463917197       5.5144422956613468
     32.6892325996878625       6.8277109490810544       6.0703741353822842       3.0262389659822446      99.2857583082651161      84.6779689830259770       5.4938280968086604
     51.5410843684435420       6.7108506835920920       5.9797779233849102       6.0759097613241266      99.1935738675399392      84.6746696767922629       5.4682476955272845
     32.4583998826297631       6.7201962999095430       6.2202164359127563       2.6445184570095961      99.1074338617451218      84.6636756276357403       5.4445911001850682
     63.8520343430334094       6.6764151681655299       5.8075122544501312       6.0096405325071629      99.0180547253945775      84.6593048470199818       5.4198438857872722
     27.8552449766563832       6.6812694697931638       6.2946867114101117       2.7778897225855843      98.9333447242836428      84.6453371052048311       5.3966845577429385
      5.1940491390487855       6.6172404872400659       6.1774102761415142       0.6673827123834641      98.8387717528659948      84.6416018188247676       5.3713055100257261
     17.8408311225446461       6.6153759640198952       6.0004205809625075       0.3877010423550971      98.7487073707361418      84.6420359793110038       5.3472276729241850
     48.2652364269429839       6.6343100405090105       6.5589660948939157       1.6783938807332532      98.6639414145885638      84.6388905426290279       5.3253640406309248
     47.1616892396825307       6.5606994821004863       9.2084621767199977       2.7600382167204742      98.5744231034980629      84.6285663833603365       5.3008106054861095
      4.3186080663909596       6.5303301199745594       5.7255116097693497       2.6762047616632998      98.4611996191175791      84.6172173273657648       5.2759354567760326
     49.3771843636813657       6.5154445152373315       6.1561503721856052       5.3731489838877025      98.3710767262824248      84.6157334208478034       5.2516104112456441
     38.3742345763400152       6.5556720271751443       6.3599893272123946       6.1625357220378447      98.2810542105462730      84.6047594409010770       5.2305651112748590
      1.0050391050726444       6.5238996479449689       5.7448927028926322       1.6248087684219144      98.1842087083366408      84.5956272670005944       5.2090063768319190
     63.3291440664203122       6.5141216331424419       5.6239654508601218       2.2157533788834343      98.0992617325153731      84.5956867088387554       5.1880108717233071
     13.8312574854110473       6.5189783288931240       6.4662260206277242       3.9076538735737785      98.0172604242289935      84.5796859997740711       5.1682014553221061
      0.4563660657074998       6.4186785243711224       6.1297132542943471       3.2381459709425116      97.9291652807971360      84.5794177222210806       5.1444668004510854
     51.2054919498451468       6.3482522767608680       5.7334650931867959       5.2664930115764292      97.8359893980195494      84.5785443144652760       5.1181183610597785
     60.3765664619529900       6.3521014286490978       5.7106556867318057       1.8960484539987164      97.7522571178642039      84.5691561787284343       5.0934905485186706
      4.9132188322390542       6.3531894000951326       5.9001389156264059       4.8719937105618811      97.6734118516580168      84.5548992943154047       5.0702414795083817
     19.0693012666432509       6.3255446508303637       5.5705726029353153       3.9721083610841532      97.5888511266453378      84.5535343269337716       5.0467621920479422
     65.9609070125992076       6.3226550697694579       5.4577866206480037       2.1760700674042681      97.5077488115869357      84.5491024130759286       5.0243425089536391
     29.5735517632669165       6.2790725573439357       7.0038140720649436       2.5406792013730382      97.4296175675198555      84.5329545056588074       5.0008330622257029
     53.6675553969164127       6.2477397499033049       6.1937790082836406       3.2182097366369788      97.3342573609537709      84.5289002759094075       4.9769078517534844
     36.2229027021395780       6.1459471756300150       6.0681667280254068       2.8011942063515534      97.2532926172008416      84.5182082320783508       4.9484353022179883
      1.2729861495549930       6.1470081505335417       5.8357262052843630       0.0233883128624299      97.1686782633950656      84.5087897966179611       4.9217783839330274
     37.0416848322269772       6.0684066779342025       5.5998475477789604       1.8193545455708744      97.0899985958056817      84.5094024781507045       4.8918488394856938
      6.5795075135261660       5.9827387122741911       8.1267667312999912       5.7653556174535225      97.0117182528030924      84.5027152680595464       4.8579766925764147
      9.2022194095271939       6.0458355398970731       5.7168653489711430       0.9243390441209201      96.9201738072931107      84.5014729150132098       4.8306745422835293
      3.3723526191084581       6.0463797756416220      11.0375660756949294       0.2988918462381704      96.8418306984624877      84.5005774247433834       4.8050189686207716
     54.5039516724663144       5.9818199209689391       5.3619579971456810       1.5304547540857101      96.7649938277647266      84.5004588500398057       4.7770349914911758
      2.2220964473195250       5.9146621394754897       5.6993593710952597       2.0786461051232408      96.6901241179838280      84.4885844425158581       4.7465003288160181
     30.5603879853627802       5.8940652574697081       5.4348684265437424       5.8451735580072892      96.6149309982910864      84.4890633513156644       4.7166332679700593
     55.7183052017866274       5.8464950071164674       4.6783587826394868       0.5727944399207487      96.5420771588321287      84.4831748911403366       4.6855670397394755
     54.4253157270705827       5.7911916997557862       5.2829639950363720       3.1649372497397934      96.4704990284218127      84.4710904905604281       4.6527835021410571
     53.7376178098511872       5.7721557661216218       5.4005299219063936       1.0568916336726986      96.3984512831891180      84.4589544647256076       4.6209850376661450
     22.2810001537988640       5.7226250344016485       5.4384422724866743       0.8401118601998903      96.3264343614436029      84.4490588408530556       4.5879106523866655
     59.2575986680884057       5.7270704905062857       6.6387354259803759       0.9540797273605719      96.2531253286900608      84.4493992116574645       4.5574801470683148
     23.6621448932526022       5.6723357532976424       5.3843276534943501       6.0152415376119990      96.1704243863532042      84.4341041090079187       4.5253614188694389
     29.1060620494959537       5.6238654831147397       5.7846358514730678       1.5026163137938937      96.0988099754250129      84.4320547211726478       4.4920564971559322
     32.0054507422965955       5.7170280005143645      11.8522998630133944       1.7963768973843770      96.0269597509040551      84.4287026732377655       4.4669275796626255
      1.4343116024917641       5.6979348073636196       5.6317139835746968       2.4697397097573202      95.9482557608702251      84.4242674053848674       4.4421358164845701
      3.3839011233016287       5.5675012932449315      11.0869138760415726       1.6556938750602939      95.8738851757393746      84.4243697064361385       4.4107582049152638
     10.8069988054746862       5.5255555672356023       5.6976070000768608       3.5516907847398187      95.7950506752020772      84.4236279283726674       4.3786356691539989
     31.1107153133623058       5.5111794095354893       5.1546543661382476       6.1135264663221989      95.7179887966750158      84.4233803762102610       4.3477547333434998
     49.8209322408372444       5.5289375571606652       5.3718118440943501       4.5436690354893443      95.6488058212102032      84.4179188880835483       4.3200436951215728
     22.0507765162024647       5.4873854196919840       5.2127285528100815       4.7344558586831482      95.5782420321920796      84.4099131319538856       4.2914642547007293
     72.6122452761025272       5.4712341709808134       5.1082223346997928       1.2203150605330819      95.5092876690873993      84.4086588001757434       4.2636659129646128
     62.2789819693133708       5.4515460062083765       5.1926971221571305       4.3746391195511904      95.4416314755615502      84.3937449695910971       4.2363661321024573
     49.9838174060559979       5.4034416228086792       5.2546435686780697       5.4766059523293080      95.3731551043332644      84.3828669496975436       4.2077700123470887
     41.7324236550125036       5.3985416082522324      13.8096652593767573       1.5155088051235879      95.3050817580131167      84.3749096615990481       4.1806460438304462
      0.6917267486650328       5.3553962289088197       5.6532235564202189       0.4294350971006722      95.2074283373620887      84.3678507383944094       4.1525351775506980
     20.2191619385328103       5.3387872742178510       5.1994163277970236       5.1664482659155766      95.1298475689486054      84.3668624413701451       4.1251364579731318
     52.2432324169615896       5.3650012588328924       5.1500579957151889       1.2717972269877436      95.0615636037954062      84.3656480325640104       4.1008324293433276
      8.2041855487748148       5.3222605736055835       5.0470465243912805       4.9730860401235333      94.9928852891391244      84.3584275174293623       4.0755046960697650
     14.7559232140452998       5.2403906113555783       5.3020076243834326       1.5348998601387365      94.9270211226769050      84.3568517722992084       4.0467694413535797
      0.9476329538236987       5.2383558612599002       5.6639244871968684       5.8862185420374118      94.8625507404445614      84.3578623457846533       4.0196954929128896
     68.3593430063266396       5.2061956505839921       4.8915977496944452       0.4831187714101404      94.7896941256058625      84.3574022406888275       3.9923126038569356
     14.5367929692085696       5.1677664957240639       5.5613927097397076       1.9531973358955810      94.7263565905559659      84.3433803227461851       3.9642467840187239
     15.0311708020522872       5.6269145713279070       5.1669187802399197       3.6434696641284035      94.6600912097604237      84.3439088449320167       3.9549058452576435
      5.9012153289554323       5.2339860157613138       5.2500595446934586       5.8794909478290975      94.5907546735366083      84.3433550997582131       3.9326481805443527
     13.6255001676759555       5.1010468163614666       5.1149239298723366       0.9011109713558696      94.5238240121817483      84.3431104725163152       3.9041378780852005
     21.3072436292204266       5.0863843955371637       4.8181386022545576       2.7345084381870919      94.4587469071364154      84.3415888529649038       3.8764946529220681
     48.6734266807030380       5.0368447088384825       4.9994425643907752       1.5784696405883523      94.3973630408665088      84.3403262794239481       3.8474689427260458
     56.0744001787590207       5.0072627105560708       4.9183019253222797       3.6639222131982905      94.3347355540114165      84.3336185963268008       3.8184075053619599
     55.5244493332242826       5.2191803234574135       4.9561496397659086       1.8367324267876910      94.2738358220238126      84.3266262600066625       3.8014853009061103
     45.3654721725007164       5.0368835942341432       4.8643922952310668       5.8898165311164377      94.2102530781350680      84.3171219159051333       3.7769389776171809
     37.9192810162302152       5.0151853160858550       5.1676069752580363       1.9996996247339638      94.1488529038859667      84.3105412819270157       3.7525488951220636
      8.5241284583236876       5.0261291279890941       4.8105437717478150       6.1636530176379694      94.0835445327926294      84.3056798270392704       3.7300162457329353
      0.0000000000000000       4.9979113856428947       0.0000000000000000       0.0000000000000000      94.0227402062058815      84.3060763421569845       0.0000000000000000
