     35.2263637116277550     933.3802644092329501     349.4167919984772084       3.3284462430804496     494.9813698848102490     109.9316236008983765     933.3802644092329501
     18.6051931881684141     556.5730992227775005     234.7105171383980746       3.0498199745837127     431.3626147894010501      96.4009790978581265     556.5730992227775005
     19.1671333900832366     536.9830214031588866     214.3662605174195335       4.8701244159222625     399.2304396841697098      94.6205675479295394     536.9830214031588866
     24.0537697670691308     451.6829358942397903     189.5449900876748757       5.9174405431748056     370.5681522221518094      92.7868444960727885     451.6829358942397903
     24.2593377862137132     356.6718663119124244     151.3383577590205675       2.2421042100307176     348.3332427435760223      90.9293581990594362     356.6718663119124244
     29.4310528040902213     289.0347550341963938     131.5677645594130922       2.6655097009554964     331.7443189439944149      89.4958383967415898     289.0347550341963938
     29.3169403552473256     289.5777794988622986     132.2081054193420471       5.2484474404676149     319.1496474043486842      87.8753932262416129     289.0347550341963938
     34.7002746998860871     274.3744312728015302     116.3759899239525879       0.8005631847866468     306.5654604785506194      86.5008078141359107     274.3744312728015302
     37.6280429191885943     268.4011775525903545     106.3396762254047019       3.5459910552656737     295.5034031699136676      84.6775103070486210     268.4011775525903545
     25.5557149593014330     229.6803056925479041      97.6220258627857476       5.3093580216712581     285.0989941937805270      82.7174725054270112     229.6803056925479041
     27.1168778186333377     208.6220999792022610      89.2946829326405265       3.1442450508823612     276.5313754219939142      82.0458668628489676     208.6220999792022610
     31.4512138373159793     198.9213315768790835      87.1241914020732509       1.2739776644869352     268.9936351541902582      81.3247641777863208     198.9213315768790835
     17.0845291870474618     168.4033211963676138      73.6422378623786500       0.1522803240898654     262.0070757157477033      80.4237643945512133     168.4033211963676138
     38.1352860810560585     163.7058255707188437      66.8422060840804164       3.0316666940982913     256.2576948518929498      80.1740808482008305     163.7058255707188437
     29.6800409553779616     147.0342236653659995      69.6071084747169806       3.8011015234572341     250.7853954505901015      79.2136080448169935     147.0342236653659995
     27.5754292101026870     109.9941341738061027      62.8457485951592645       0.1329436655890319     245.9635719297530727      78.7166193134618766     109.9941341738061027
     21.5914342384115798     112.6381929464708804      56.0032057184552770       5.6076080909018202     242.4457262618698792      78.3820190812941178     109.9941341738061027
     41.0905719726746455     105.7379693536346394      56.7955252566328923       2.6284771901612629     238.8998720987611080      78.1845343432270852     105.7379693536346394
     18.3454777155001452     107.3635577022553633      53.7446435942807526       0.6897680585191708     235.6220359280743821      77.5119522179585658     105.7379693536346394
     22.6191568898427313     109.9702376259073588      55.5061412078054985       5.6985453056602893     232.3292645991263612      77.3861437511391870     105.7379693536346394
     32.0078795779146432     112.4507590629398095      56.6358159116932995       3.6556215832300012     229.0116759792718710      77.2043894157214936     105.7379693536346394
     15.3183750582002709     113.9882417788424647      54.0661559594833534       0.1187883197947528     225.6662550874348483      76.8328038246222320     105.7379693536346394
     23.1574146756868657     116.5119201216579086      60.0587962000429130       5.7151170381601588     222.3260146454083497      76.7402787335962842     105.7379693536346394
     38.0760167164266718     116.3305683543233897      38.3301434811016435       1.2302037747706862     218.9554991179842602      76.5629703665092194     105.7379693536346394
     29.9375063745809911     117.4642896962735676      46.7252539530236959       4.7712564876622565     215.3487943024923652      75.9940320021039213     105.7379693536346394
     17.8539956451489985     118.8494379386648774      50.4430655758281006       2.8787052747559727     212.0413650810795616      75.6799309464172296     105.7379693536346394
      2.1277624955763570     115.4110536077557185      46.3700758359900362       2.7112225463336443     208.7595603541437299      75.5865012115636290     105.7379693536346394
     30.2152809702222882     115.7321235361153953      50.1327000951407200       3.4785835326240857     205.6314178827020100      75.5796958050815846     105.7379693536346394
     27.8391020812460042     113.2413963430952180      44.4960869638901784       3.5770084415037644     202.5197593367046807      75.3287399131941271     105.7379693536346394
     44.3678927018450935      93.4512945631471155      37.0164818506342925       1.9175605279290693     199.5186525064187322      75.0883107731561239      93.4512945631471155
     20.4977177042151197      93.3243953997107383      46.5878466337963957       4.4174667582904448     197.1011478991036370      74.6141117905912949      93.3243953997107383
     20.5626453305350019      94.0065367822187028      35.5595557424746076       0.6755567953026045     194.7140871672853564      74.4915355718381562      93.3243953997107383
     17.9291502816998687      92.6487253275032145      44.2571691754340861       5.7477696606564024     192.2106682866887866      74.3945472011736939      92.6487253275032145
     17.5244962937765116      96.5283225112978016      40.6718339870141037       6.2521998789066657     189.7084187076162323      74.3215754978502758      92.6487253275032145
     47.2820002782128341      87.2761041058507345      32.9662145028139975       4.6881032032600416     187.3223110373006648      74.2430153686369891      87.2761041058507345
     25.3322478739558541      83.4279905405067410      35.6809328007980540       0.9530627064617008     185.2034768807799878      73.7794605771173337      83.4279905405067410
     20.8311637664351963      80.0411176583178587      39.3362166086218679       1.4127060723679250     183.1834849872648192      73.6426467596509866      80.0411176583178587
     28.8142163154593192      78.3508650587567814      37.0097047899125187       1.2465167950852418     181.2587015918733186      73.5737465046934034      78.3508650587567814
     30.9029218296013468      76.9140225999901190      34.9552580796981331       3.1428135079388966     179.4113456760358076      73.4448565436194656      76.9140225999901190
     39.0576632629143035      78.1335841164500522      36.7012277430645426       3.8390075121481431     177.6197142765254853      73.2659076136527432      76.9140225999901190
     19.9858998991788823      74.1955706158112633      33.3349439244971393       4.8550106693204071     175.8200306570800251      73.0123382668460010      74.1955706158112633
     28.6160637131606528      74.6585370094217637      34.5659289194884138       2.5208287883199745     174.1240086813972425      72.9423347787057850      74.1955706158112633
     18.8111730761927483      75.6376391959769876      34.0172554728369647       1.4964396829730475     172.4230670679031050      72.8121617878524603      74.1955706158112633
     36.3653999750141921      75.8923811702061926      32.7150336913230788       1.9427995613207685     170.7013513126898090      72.7437439277804572      74.1955706158112633
      1.4103937034217915      74.8510889547637817      30.4211288381373919       2.6200221658294112     169.0214869828913038      72.5603762318464049      74.1955706158112633
     40.8315784220490130      74.1709232500569300      29.1058058975851708       0.2107388349925756     167.3820523802916682      72.5636827706817655      74.1709232500569300
     16.7714221743036589      69.6551027460122043      29.1642241147602945       4.7451587399176134     165.7714518230027068      72.3285245114962692      69.6551027460122043
     35.1555247633389101      69.0767453795479440      32.5704035192048877       4.8208012952439532     164.2693515421526058      72.2767895917603198      69.0767453795479440
      2.8851679251671927      65.0898095164154284      32.0655393336767602       5.9980172488809131     162.6346936980726809      72.1079335611910750      65.0898095164154284
     35.7750095739019898      59.2816786811212069      30.4176041129868295       1.4033227297025377     161.2629163340274943      72.1076764870372813      59.2816786811212069
     47.2178665383602763      55.6539327997515585      46.3137273537188676       0.8450091249636031     160.0218259160012337      71.9705346754522282      55.6539327997515585
     25.5895994720352711      51.2618407482853726      35.4031995514878872       5.3622123103317136     158.7687779598986708      71.7222183848116117      51.2618407482853726
      0.9923547458346796      51.3132124092627464      25.3026221263350379       3.0058940916135697     157.6748299526120718      71.6656959905965465      51.2618407482853726
     30.8249950281374048      51.8401572903909269      24.6743996894709774       3.2017408785816741     156.6262109535704781      71.6583112033285232      51.2618407482853726
     37.8595282434233695      50.1039449057491169      16.5075257201555132       0.8695497135143384     155.5324459445094192      71.5633154168792487      50.1039449057491169
     36.5382479374398557      50.5973288588055183      24.9017540157133865       2.7230465181694825     154.4918130696650280      71.4509210708007743      50.1039449057491169
     40.7527911581530802      50.9031979512710464      26.1958239805303421       4.3449405920749058     153.4789227729367553      71.3362797052990345      50.1039449057491169
     25.0399999337448413      48.5431164528958448      29.0796857299594507       4.3438537731183686     152.4190464476384932      71.1872648406180133      48.5431164528958448
     31.6702718652321380      48.3420167483143928      22.2632862338029192       1.0179109964031383     151.4483343819161973      71.1392314723390768      48.3420167483143928
     28.2076773692472678      48.3185786470373131      26.5452813497019413       5.5773071105844139     150.4849338245431056      71.0405084353531038      48.3185786470373131
     18.4581525371762538      48.1929075239458413      22.8171375305963124       3.3908464660692488     149.5373227275318015      70.9706103564849258      48.1929075239458413
     20.6062503121833416      40.8844902662577070      24.1145852142230588       6.0597109412097581     148.5562314239440695      70.9527326887616567      40.8844902662577070
     33.1630534734086879      38.8418938649345264      21.8241596820362318       6.1905166320699010     147.6452179973844068      70.9261298746645394      38.8418938649345264
     38.2859431861011572      36.6818961767777907      15.9979867252551546       0.5907897353848099     146.9031857240825047      70.8501280569119132      36.6818961767777907
     23.1735455258419698      36.3122866509807238      31.8636180490702294       6.2541831794856790     146.1704871984359215      70.7544751209731118      36.3122866509807238
     24.5481764639375655      36.5854575974562266      18.8561249981322376       1.0077069010388229     145.3640513744395832      70.7335632392399702      36.3122866509807238
     25.1624080583428089      35.7968776245398743      22.1377546414289021       0.9717380444438319     144.6682543723603089      70.7008477976868619      35.7968776245398743
     26.8226106815525291      35.5357963627953666      19.5041006837021165       2.3211565640361158     143.9840884819061273      70.6766370112129891      35.5357963627953666
     18.3094865734452235      35.5476483818363178      26.5909934402636381       1.8654773155706579     143.3165994922346158      70.6403306195097542      35.5357963627953666
     42.1430241821933578      34.9996370799914445      20.2892704644963828       5.4862313761453407     142.3801637530690414      70.6180671854703945      34.9996370799914445
     40.5457469864209656      35.3080802800430220      19.2197498101254496       1.3586789747480879     141.7356413597457561      70.5177257130889217      34.9996370799914445
      0.2345796985797735      34.2018115832459415      37.5684599929785676       2.4063982012187779     141.0720582846179525      70.4386673296316417      34.2018115832459415
     30.1576157773983340      34.3792474815237625      21.7186735057856062       4.0250214299942826     140.4470372732307055      70.4371403779131526      34.2018115832459415
     38.5296677136299834      34.5660653431874820      13.6903057132591019       1.3062045120298507     139.7543367008768200      70.3817446614118154      34.2018115832459415
     39.4888041905406055      33.7032603282246939      17.0782357775699047       2.4787201603815419     139.1206858559786497      70.3099010682040415      33.7032603282246939
     31.0106107153741064      32.7619496800845553      56.9870665593643224       1.7168664444600807     138.5117771470214620      70.2312576724043112      32.7619496800845553
      1.7387741924079367      32.3492157203853026      30.6605841428480943       6.1116680424416501     137.8976093282589943      70.1939154373988288      32.3492157203853026
     24.6638991762751445      32.0619206931417864      21.1867249357438432       1.4210636064365616     137.3153935886548140      70.1912376944379162      32.0619206931417864
     26.5005748895062361      32.3878147262123690      18.7595242187116646       5.0664498768067716     136.7368302826964737      70.1729621801265324      32.0619206931417864
     35.4402454286139559      32.4916396277058013      42.0706904628890612       5.8424646051915516     136.1625032823410493      70.1501596815051727      32.0619206931417864
     22.8911843458764750      32.7180928230864154      18.7554977287166693       1.7535088345596677     135.5773817663448142      70.1001133721442784      32.0619206931417864
     23.0704282365597706      32.7724397882488887      21.5905496012341764       0.5092935383821029     134.9947043767363368      70.0826800294962879      32.0619206931417864
     36.7995994698916959      32.7917599103073627      16.7129370837548841       0.4230137539655558     134.3323081287500997      70.0510936304796985      32.0619206931417864
     26.2735369047772949      32.3924217298055837      20.1973806389745398       3.2807778102635865     133.7584281935207855      69.9925583767732888      32.0619206931417864
     25.7523647378473903      34.2009040162120286      19.8393525962018273       1.6236594488566851     133.1930799591717403      69.9672702561405373      32.0619206931417864
     50.1841949196569388      31.7941349334846919      30.6670814365130582       0.4936110420479096     132.5766760642766258      69.9298148264072381      31.7941349334846919
     23.6596697950304993      32.0409215912167227      17.1884545721363757       0.8018835418427486     132.0319328556284688      69.8335262144632765      31.7941349334846919
     21.3721189429119889      31.8298255892049760      16.6333846584629939       0.4960056780058082     131.4809996147727418      69.8068279207591331      31.7941349334846919
     22.1800406131171108      31.8564579497637723      14.1269980219231250       0.0394474643783767     130.9317470250577173      69.7920594974326463      31.7941349334846919
     29.1196540153657146      31.6407277986162292      28.9016891649390146       0.1262273294362828     130.3883292288893472      69.7783872832694527      31.6407277986162292
     36.4641512622561592      31.6395037880013348      17.1230819588746108       5.2194864750684502     129.8410850857742105      69.7491131398715680      31.6395037880013348
     23.3899210335260506      31.9240461518895877      16.5327304418999006       3.7147919591573526     129.2668918603854422      69.6955611723139015      31.6395037880013348
      4.3803806982255491      31.8540774216789373      15.8907177748127690       1.6845886013382341     128.7201256135170979      69.6751984694752196      31.6395037880013348
     20.2904518275285994      30.5651408806601737      15.6317389960436852       3.4448805318154854     128.1900533459843814      69.6720097072187201      30.5651408806601737
     44.3405314218767828      29.4466277720361731      29.5329646535797252       4.8974531229672067     127.6694924574008212      69.6608065410671031      29.4466277720361731
      0.1611282086951594      29.2659814569320318      32.3233648454771227       5.1296828861832893     126.8845319621582064      69.5518212916958163      29.2659814569320318
     18.4189200249297294      29.0424452177729542      17.0403974121941708       5.6190857787344868     126.3763960187759210      69.5499708171157209      29.0424452177729542
     46.8828677591481622      29.0212753604954692      13.8315342604639238       0.8955037680664688     125.8624672356819048      69.5387592211771448      29.0212753604954692
     50.2726365271267639      29.2065654191548347      12.2033094850762449       2.7812997204076026     125.3873236542045646      69.4700029188056760      29.0212753604954692
     32.9865178395763010      29.1049885641975337      15.3579901159777066       5.0478751523381362     124.9109564934502288      69.3913615150658956      29.0212753604954692
     34.0818702095612238      29.1578188756154866      14.9161460441685438       4.7009735695376804     124.4376772349543643      69.3484914014556182      29.0212753604954692
     44.1982234018088462      28.1391246842999081      14.5259151839672160       2.7997777395124075     123.9667165989600903      69.3177208885283420      28.1391246842999081
      3.0353567659695897      28.1668153731746393      13.6056754124182486       0.6585611828471016     123.4937031837526291      69.2531318992606799      28.1391246842999081
     39.7341235623477473      26.9532978984360057      13.6270323436010958       1.7529916055630537     123.0391396787276648      69.2510217587326196      26.9532978984360057
     21.5004516408355819      26.9104506922062043      15.6905210003659086       6.2562715824365824     122.6088948109754853      69.2047380186747887      26.9104506922062043
     17.0548069643432925      26.3596703269909192      15.7133847219347320       0.4505147466937203     122.1633123764225672      69.1884527224828645      26.3596703269909192
     33.8528444601716743      26.1803215756164604      15.3913708310333401       3.4821481435849790     121.6636008728586518      69.1792101561967172      26.1803215756164604
     25.4916224134859917      26.2287537233902768      16.8558520669309360       5.9162084886537087     121.2440651236256315      69.1518742884842510      26.1803215756164604
     22.0265967859805194      26.0488590111515705      14.0596749484511125       4.1437132080084638     120.7664200059177801      69.1298670246040246      26.0488590111515705
      2.4452700187639018      25.7497127024081891      17.1871088185245426       3.7530395819324411     120.3444431697831760      69.1127579981327216      25.7497127024081891
      1.8307486413649305      25.5368172738849708      23.5780392882816905       0.6619081636693451     119.9403597650545095      69.1074656676904908      25.5368172738849708
     50.5255738122866305      25.3412551949306319      12.3742502717238967       5.6770440128946831     119.5291171550695850      69.1076777076056175      25.3412551949306319
     19.3588585880326676      25.4079317678207026      14.6375944701353227       0.6274723157496780     119.1344275953743903      69.0367971251001364      25.3412551949306319
     40.8922749448549609      25.2189944482615438      16.4322821331482523       3.6808545198348810     118.7372134684913050      69.0272093030399958      25.2189944482615438
     34.2522295117960525      25.1397337497281157      12.5537162970458418       5.4226084939630965     118.2849219752221188      68.9826157122918886      25.1397337497281157
     35.8404885258516970      24.8599914617168096      13.5180822916379224       1.1807875724719423     117.8983305245743622      68.9499224733548175      24.8599914617168096
     35.5814351378948643      26.5433351986762460      14.6179042029191066       2.3943867862747510     117.4772843850270050      68.9135910995125158      24.8599914617168096
      2.5892326154457121      24.5992383445057641      17.3108815415816757       2.8195373872097633     117.0461383121291163      68.8756919641113825      24.5992383445057641
     32.1027833807611458      24.7395443185917294      13.9371520465182321       3.3860299152495799     116.6623662161545383      68.8705398212819233      24.5992383445057641
     32.3045862372951333      24.7684801667044105      12.6505039967338870       1.6531691893599572     116.2866937224239052      68.8433660669046645      24.5992383445057641
     53.3454952752249127      24.4960188101992102      12.0880913438844342       1.6325593532658758     115.9075835285602238      68.8211046637349853      24.4960188101992102
     33.4521117574995159      24.1546399801221199      11.2875698317448805       4.1570964811310631     115.5410192557991991      68.7643896169696660      24.1546399801221199
     27.2819774824857788      24.1029215191793185      14.8726797689226391       1.7395725159861257     115.1766058468686396      68.7380014355655646      24.1029215191793185
     18.0117672647033835      23.5878216288182649      13.1777056512742661       2.0138796007798163     114.8137532726952799      68.7216735232023552      23.5878216288182649
     23.5637278349896953      23.5321869959345875      13.9684001871731507       0.5032442109170958     114.4344302164469127      68.7108324933583532      23.5321869959345875
     20.1061906132441166      22.7944438219087786      12.6567808760000098       3.3896994305599009     114.0822347128165575      68.6934681282922668      22.7944438219087786
     47.0544888318931314      22.6792196574495719      14.5518940145620927       4.7284157423476501     113.7321290637643614      68.6870662793493523      22.6792196574495719
     10.6866275240092552      22.7355690153259253      12.3527605508672647       6.0302666992698306     113.3956409182521980      68.6438326712465141      22.6792196574495719
     26.3284667181127752      22.8042575844932145      13.2893814553423297       2.4260469213534606     113.0626533173409314      68.6409801399963300      22.6792196574495719
     19.6000299217439249      22.2945260779636811      11.1108109184313317       5.5663127801283991     112.6963561350725200      68.6287376395774942      22.2945260779636811
     43.2946686000019554      22.3301759557978805      10.9821571871337422       5.7522677617578921     112.3662293189515395      68.6215118003447913      22.2945260779636811
     30.6685276675729455      21.9687371533306468      23.7176858182539583       2.5735118109790136     112.0416731371746266      68.5812268729659849      21.9687371533306468
     35.3587157546942024      22.1314692785533786      14.2375037138944727       1.4183018702445196     111.7164107921988574      68.5605531379086699      21.9687371533306468
     38.8117812500911796      22.3216548906677659      12.9017609527503794       0.8188363140309818     111.3437736909471170      68.5255135632213523      21.9687371533306468
     14.1499114453289021      22.2794334858140175      11.8324840161462408       1.4516232349545106     111.0182354735327834      68.4955316932769875      21.9687371533306468
     16.7204641806783982      22.3526102965336122      12.4647091627696955       3.4576802927243051     110.6986297660292422      68.4894030848523130      21.9687371533306468
     28.7737478881086233      22.1397574025787414      11.5965919096770076       1.2447132561485859     110.3471973651316347      68.4821694085420631      21.9687371533306468
     29.9927664313508195      22.9482877707333515      14.2990473094610397       2.5804228191321243     110.0055667282585432      68.4635701027265782      21.9687371533306468
      1.6307837441749085      22.3650798977117269      17.5374497037174493       6.1503137472405598     109.6410206367297491      68.4497650370056903      21.9687371533306468
      1.7551520817055972      24.1432388439990113      66.9257958649767062       1.3267306897544557     109.3123004908354403      68.4501694998004950      21.9687371533306468
     23.8191399336719840      22.0676724712822683      11.5514281751855137       0.0105790651962749     108.8658755819215997      68.4505255752425938      21.9687371533306468
     29.5300973447005610      22.1471071136029209      12.0874529170288749       2.5632785586115432     108.5414210878523278      68.4401012191484028      21.9687371533306468
      0.3134351285665716      21.7973909861330490      31.5417129565180900       5.0171495946427314     108.2159213092159575      68.4212324558160532      21.7973909861330490
      3.1169800095408813      21.4059622076882725      13.4441987580031572       0.4718349846355565     107.9050651286840008      68.4214777404619099      21.4059622076882725
     25.6385774338847661      21.3812083074248420      15.6158761821589973       5.0109431202775596     107.5693840742826382      68.4230803728614632      21.3812083074248420
     27.0812088961378059      21.4163884005277438      16.2260902388497286       5.1828196021281911     107.2206206481001658      68.4155146889037269      21.3812083074248420
     37.2488380252782321      21.5819517765268216      10.7724728738835793       2.0683547007632086     106.8583805829578637      68.4075732363988749      21.3812083074248420
     48.2855495840749427      21.0441636935342267      10.5236849450624703       2.9391447743458201     106.5569817481676580      68.3826805717562536      21.0441636935342267
     33.5071747925221644      20.7765922585698597      11.7061232826850219       5.2474949637738320     106.2669014320937180      68.3359153697565063      20.7765922585698597
     18.8466119368033169      20.7675361335262743      12.4017841320165285       5.8201269022154776     105.9532972642954292      68.3143798758665213      20.7675361335262743
     51.1649837825342644      20.6883398102634182      10.3555599151976931       1.1272855445952743     105.6591336936968020      68.3060903641750770      20.6883398102634182
     31.0038861560788916      20.7371269692706761      54.7018676611243109       0.2432769257668994     105.3763931900866879      68.2659574879566691      20.6883398102634182
      0.1061474113827022      20.7949224754848494      26.4689283459721807       6.0404794904092824     104.9828557937688061      68.2447527121102269      20.6883398102634182
     20.4485070721214726      20.0202551146497889      10.8835939385309661       0.9579716152605258     104.6759298402144651      68.2454424705459388      20.0202551146497889
     38.2447878030456110      19.7078272568967350      49.9515532123789257       3.9647625683631276     104.3688629272920281      68.2365869354465389      19.7078272568967350
     15.7869717965815060      19.7069905741730445       9.1938756468229332       5.4912707005763224     104.0749148275911864      68.2155556020096583      19.7069905741730445
     34.8404188092629994      19.0870583264360576      11.6658608644714281       6.1947577085425820     103.8087963704122956      68.2126019736741114      19.0870583264360576
     32.5741611149522683      18.7906609038455699      10.6582495947486997       2.7327931756793049     103.5399294551156686      68.1929514264503496      18.7906609038455699
     24.7196477993801125      18.5177221268938723      12.0296502744942444       6.1415711512868967     103.2841315893431471      68.1755421370941406      18.5177221268938723
      1.5465065971131466      18.3867795974657753      14.5346059178013274       5.9858212501181498     103.0120065081496534      68.1628352898262051      18.3867795974657753
     27.6875095846426511      18.3317753517616460      10.8435159138632802       1.9297618026451318     102.7357107342337770      68.1648121152482815      18.3317753517616460
      2.5148996895578706      18.0939943906774268      14.2391332120343108       2.9192302738395455     102.4871622002778793      68.1611778160661714      18.0939943906774268
     43.0894677031880207      17.8884237069338745      10.2190795681698141       4.6609230185916175     102.2243065957326849      68.1607306703238294      17.8884237069338745
     23.4316197135924895      17.8587564376744083      12.2784850259280400       1.1911186100171989     101.9847525050385144      68.1318733185826773      17.8587564376744083
     31.7185232772147607      17.8158932212315513      11.6438848036790112       3.5146846547198010     101.6535990856716012      68.1214886503142480      17.8158932212315513
     41.2174556352968224      17.5975000886905661      10.8837772383545168       0.8472011388023972     101.3900117228363484      68.1005957856795590      17.5975000886905661
     16.0646470288456484      17.6078675619022285       9.6338985410644291       3.9445645031285466     101.1530615999631522      68.0804625049397316      17.5975000886905661
     42.0518705559291064      17.5525639387775030      13.9698149503197548       0.7310469879396848     100.9210891121193470      68.0772753208813555      17.5525639387775030
     25.3613939838450229      17.5291521809727548      10.9101946008494775       4.7394054615636634     100.6687359265398953      68.0558064194980687      17.5291521809727548
     31.1635523008419213      17.4893358549590552      10.0887478154291301       4.0940755874092218     100.4179452564109027      68.0493181564617657      17.4893358549590552
      0.3862685305954588      17.3753713764221480      33.9467140160639076       3.3032778486911383     100.1777386950900564      68.0381066004783577      17.3753713764221480
      0.4408267291465609      21.3225495727078531      35.4339575420588773       4.1918527867808706      99.9341938249049946      68.0362688745404967      17.3753713764221480
      0.0502626041592986      21.2572617818012866      24.7908119312561119       5.8706010527107679      99.6232212931507064      68.0343351697279104      17.3753713764221480
     35.1948900784045335      17.6443240169363733       9.7105825174528473       0.9290204185038462      99.1008770466726077      68.0367051346678693      17.3753713764221480
     31.2438869918191067      17.4447222718204316       9.8595364461152144       0.3504049339774653      98.8682389106750747      68.0223561925050717      17.3753713764221480
     49.9855243759089944      17.5031856438866242       9.7342673541687166       0.9090022280673153      98.6345718488530707      68.0130832565894252      17.3753713764221480
     13.2409954847507016      16.4825034187024819      10.6298423201811936       5.7406092576764678      98.4044119575091969      67.9776523409525453      16.4825034187024819
     13.4588423823282302      18.2564282006880525       9.7778162182881267       5.7591858440772086      98.1945800417262120      67.9756794400431517      16.4825034187024819
     33.7941231806232452      16.6651654493833981      10.8296061851941303       3.1360318677091499      97.9599902070295059      67.9763359194122359      16.4825034187024819
     44.8450046717523705      16.4371384110410581       9.1135963949459438       4.1572389527048443      97.7258918777522041      67.9626003085739541      16.4371384110410581
     35.4331214000038841      16.4373847364541206      39.4271063749019746       0.1921148095955729      97.5173773807010491      67.9407582319425956      16.4371384110410581
     21.4705407789204514      16.1890183472225218       9.0146188759021673       1.7839132587671855      97.2113568431322932      67.9172926945560818      15.9545897701910029
     43.8065829081889433      16.1097321636261910       8.5261170235643107       2.1365877008195611      96.9776909675902914      67.9152319692913125      15.6535597745270216
     16.8239286102466217      16.1733916112344716      12.1817421404692166       1.8718942783728352      96.7733829406949724      67.8952566055670417      15.4774685154713403
      6.0233388440795039      16.1639122941622198       8.0410690312604984       3.3451781118185835      96.5435396191019066      67.8916657814540656      15.3525297788630404
     41.3435632307136203      15.6915830535035195       9.1311766427392129       0.1396437749011099      96.3411550404214267      67.8932164102865272      15.1764385198073590
      3.4097399362792875      15.5660647232937581      17.4780518314522588       1.4331309557040157      96.1396905274294085      67.8765097432353173      15.0514997831990591
     35.7187140257847275      15.5850421973720010      11.3039962099872628       1.6896103776655735      95.9435505708417367      67.8763143171377266      14.9545897701910029
      5.0425269687375245      15.1125500214286372       8.3294874912302799       3.5353927441013155      95.7098756392176142      67.8576980706566815      14.7241408488127288
      2.7341322672030253      15.0450729658270728      13.7252343582961505       4.2187568567917850      95.5219233556260860      67.8544058636041427      14.5566497615189654
      2.8002219886214590      19.8412232154304000      13.2619280709363547       3.5011631432301300      95.3174677770249303      67.8539676273250194      14.5566497615189654
     40.0713933273104033      15.0434930920103369       8.5495794590548186       4.6343496173561078      95.0099043487719968      67.8530912257506600      14.4360758303131167
     51.8225505221012028      14.9592329464348737      12.6994970246490553       0.1621536476980552      94.8233100974401992      67.8349324391731159      14.3211213146114176
     50.1950466526085393      15.0014053529922400      25.7350564345017041       2.3777112800801632      94.6396838268951512      67.8108965839778790      14.2385864265562034
     47.1150358754107046      15.0009543680879514       9.9751266368854665       3.6334955983968911      94.4153950094253105      67.7792809178992854      14.1692599351802357
     17.6858854141802162      14.3869240863848287       7.7685225940156464       0.8267899295990944      94.2032553554199836      67.7543781419199433      13.9633636944985078
     46.7856814200034634      14.4452789847518552       8.4919011563177502       4.6526886717240785      94.0246261253752209      67.7521986960751263      13.8406464178841659
     37.7171849153154994      14.1897568950230522      10.0314925617613593       4.8830865380790129      93.8423318001046880      67.7330910222637499      13.6804319209273242
      2.2208326616313694      14.2855154744521471      32.1052246131678629       0.4364069245296420      93.6622788402685416      67.7203235394965475      13.5835219079192679
     24.1536211886219085      14.2618125601725065       7.6212446285717306       6.0060821699349418      93.4678212703278604      67.7185446840164929      13.5012714301439658
     38.7290440221333370      14.3447209008637859       8.0794890349292299       4.4770321343151380      93.2860639052210558      67.7172658471669280      13.4427064092121284
      6.3857071692691205      13.8968615109601235       8.9109514236660896       4.1817742258920561      93.1014546184055547      67.7075605380409655      13.3121252499488811
      5.3229245461645753      13.9774705302810087       7.8992280099224113       1.1605366059105151      92.9333154305260791      67.7084571365214600      13.2270485131624476
      0.5203700980386438      13.9912420364449606      16.2016207152312788       0.8096917752366650      92.7640558372668238      67.7091471660225892      13.1580154369805733
     48.7870753761426599      13.8964609022286325       8.0518179791589812       3.6806153710988809      92.5506484699127157      67.7084511306569823      13.0853580504600266
     28.6895446773493212      13.8769926459022077       9.1662979274268448       2.5129341517515940      92.3837339528576393      67.6905446665056871      13.0200913189474363
     38.2362828093642406      13.4653207165017097      44.6202019635624936       4.8193652322718918      92.1882178872292997      67.6801828825175136      12.8867752590291627
     39.5400870134770912      12.9972349025747960       8.1051486079399719       2.7355386465263081      91.9179219326299943      67.6601900792362585      12.6375716691428917
     42.5269939979598348      13.1356505362169091       7.6958093751301835       1.1532927258615970      91.7447236757610796      67.6473629081185663      12.5177912599591998
     48.4361019840318860      12.6565153083405821       7.1612930377525625       2.6803328247099643      91.5866367461922835      67.6302692062604791      12.2806477715569162
     51.3604285154407236      12.7026509207791101       7.6164123844348799       2.8993998377757606      91.4302915189989562      67.6134122642705080      12.1412757112451679
     19.9067743557178609      12.4318926043886364      11.2391787569559920       3.1141620801120524      91.2775634446978046      67.5870652669020870      11.9616829519676902
     20.1757738392224901      13.2395909274446026       8.7060974357774370       4.8273948908520907      91.1114600331153781      67.5847174101084676      11.9393557939442942
     24.7934155468703210      12.5553632472187147       8.3352421401345715       0.4871281242033589      90.9295246681465557      67.5827698513061961      11.8452137387866276
     37.3578701236593247      12.3720436099563642       8.9886654057222870       1.7282840536920929      90.7600798128172102      67.5773804145773056      11.7321854791085478
     56.6682078689336777      12.3255811917508513       7.0925411298145713       0.7291893327586010      90.6125532179045621      67.5611960305049308      11.6335301409843233
     47.8275847119782256      12.2919812781444744       7.3585582864428218       2.2615395543528365      90.4680873372876135      67.5325963292088858      11.5473348696302232
     38.4369807694415684      12.2317387940994351       5.3369549468407191       4.2384245247870211      90.3228097852175011      67.5128482373191332      11.4656866849232344
     50.0103656426276899      12.1408730816567676       8.2384337776687371       3.0135812879364465      90.1689296252892518      67.5013558491762780      11.3824503504126291
      1.7659984484370810      12.0882308948597750      42.1979137516857890       2.2968954375740367      90.0129056946061183      67.4810034373176677      11.3043988518340743
     40.6303625167317719      12.1712259572424237       8.2180471487817499       2.0366819264730083      89.7938777673183779      67.4768487984904084      11.2490681567683364
     23.7158353196229434      12.0342057492040979       8.1077140290025724       5.5976293471661194      89.6462308804935901      67.4630999148416919      11.1831125303261807
     16.2296463264867334      11.8465144325301068       7.6829046433553536       0.2268469580833923      89.4818099553729809      67.4558749644944697      11.0977944420626038
      2.0612198071991217      11.8583915723187889       9.5668168139493073       2.2178625657018500      89.3423013930359531      67.4568304676127894      11.0282936370576650
     39.1542273018293940      11.7904679536526515       7.4644395002229977       1.1072084631980985      89.1676424552091902      67.4566624070106826      10.9590291578172856
     32.1799436164655148      11.7405257732345092       6.8628554581963890       4.8560542607650206      89.0282746452615328      67.4482709979932764      10.8925571115349467
     30.6605407886006454      11.8729879336845823      22.4224267442291527       2.5516606355725315      88.8821964130078754      67.4418386103359211      10.8493487610885389
     16.8926964644309905      11.8311565392110793       8.5363181128953656       1.1032845838438377      88.7009525679292494      67.4285457465161642      10.8062709800975121
     27.9111806643823321      11.6211074305996771       8.0846624588507705       4.6076815201143262      88.5322393474876037      67.4246772472290132      10.7443782985491687
      1.3499875662600527      11.5100392315436189       8.6139154251828263       2.6149092161470406      88.3822647637391157      67.4159724547264290      10.6756259301743928
     47.3888346207089697      11.4296112157270731       6.5065751662741063       2.7108444201933679      88.2269548219126847      67.4170528506769102      10.6051432213898291
      0.5904310181635075      11.4591044994714295      10.5543515042788449       4.5287088812258816      88.0905858584132915      67.3969430678660331      10.5482489000116537
      2.2857283196926352      11.1379780536037849       9.2309614381530594       0.3633757984082919      87.8946279851386976      67.3924770890243252      10.4488444024353626
      2.3565128146104932      14.8290816950901405       8.3918675171667410       4.6334749166474438      87.7342631356487743      67.3892319507407933      10.4488267837505457
     44.1173234025825991      11.1107971847102185       6.5192439045730062       5.7178968253627573      87.5195606112575035      67.3864163927468951      10.3632557614455738
     24.1041187304784437      11.1650165785744058       8.0469035032727980       5.4478710845481402      87.3847587988102958      67.3703960131181674      10.2996041339876392
     13.9107102060315597      11.0965677297428211       6.6161526683926422       4.4352863238512299      87.2365627052561337      67.3659673945627446      10.2352957810906737
     28.4573965860906455      10.9550772723030487       6.5038615021119854       5.2169688971674333      87.1090845514040524      67.3662785955246193      10.1595144638623651
     38.8572252009912233      10.5714348193818442       7.3337411222247306       5.7973727138795113      86.9807361434364879      67.3621983650167664      10.0173352427731874
     37.6641827529251856      10.6480092418611854       9.7774483803019869       3.9626293153908563      86.8464809575592795      67.3500719488328627       9.9259989990839586
      1.1209610715042546      10.5319769814072828       7.2148275720029238       2.0113808752324047      86.6886780185838717      67.3369046941085969       9.8298697559223118
     33.5865741808056200      10.4626510049162746       6.6187293366120645       2.3410924322800355      86.5613182642461396      67.3361197724107683       9.7389326467632777
     25.2473599968742590      10.2762849211524152       8.7030003644937644       3.3464268276932643      86.4311141088489734      67.3300446435847704       9.6282866874412107
     56.3957130321535232      10.3276544393509013       6.4830142346142869       2.8303788326505099      86.2757766071424754      67.3280947105161971       9.5491716881823301
     47.0208831909702383      10.3775316375804234       6.3238861404087086       4.8176717213558078      86.1560877257804520      67.3108781035325734       9.4890518200215386
     41.5903442955270677      10.1422073696021808       6.8068160214874531       0.2565882366709999      86.0162900591913342      67.2974108406761644       9.4018912640074035
      5.1892429620655198      10.0857786254331430       6.0117271625298807       1.0421124284933327      85.8995788070738229      67.2869662520443086       9.3201595595457345
      4.9734582540050543      10.0660677297265355       6.0772193991764674       1.9756014195211691      85.7807837980404457      67.2886589230541574       9.2484574426568340
      8.0186161843908792       9.9586443432342904       7.1210048851515664       2.7608668552332318      85.6521200042314064      67.2868478695053369       9.1711257078271764
     44.0102780648297980       9.7578900085996310       6.8192546793442324       1.4824194061350653      85.5398947953496673      67.2860707316173006       9.0711131624055525
     42.7790772602642662       9.7527843381357755       6.4847083940731682       1.5393048381795751      85.4249485123575596      67.2754452108619887       8.9890004825981933
     19.8513255926505856       9.7137431573954469       6.8318758431763191       0.6721334541892290      85.3142071793059387      67.2643123719016245       8.9140098573382627
      3.8447148334876453       9.4660309094470190       8.4090785508540193       4.5662168134352186      85.1864705653203060      67.2646785365087396       8.8066201721169222
      3.3998977127587269      10.0012000477846446      15.4059041842395228       2.3382268209336843      85.0791696130575872      67.2646784008114906       8.7797242257988657
     43.9064569721016582       9.4890393285471752       7.8286262469283256       3.7663117676332121      84.9539076690543737      67.2644110434611235       8.7022501408581441
     65.9966743924111796       9.4884672386564546       6.1161053592680572       3.5942401026316446      84.8404072530834839      67.2560565926395526       8.6364464739424474
     53.5318608606084965       9.4613045684699948       5.9411912321136198       0.0420795810153365      84.7333571107317312      67.2377475174330215       8.5758723533374734
     12.6744487566151420       9.4453987043232193       6.0451186618136745       5.5673133584253520      84.6287886506500513      67.2243737284231742       8.5208598484032834
     12.0828347373170537       9.7183086786752266       5.9227922000030064       3.4044485069519368      84.5234812097888266      67.2223609733349292       8.4941356453364012
     24.1985132027241256       9.4028715651040766       7.4234058763987738       2.6655083388089196      84.4164341517481205      67.2206522841965182       8.4436068393739809
      3.9977803128372238       9.3402331034532757       7.3980228948478945       5.3373360956150719      84.2850612959308876      67.2165016994207889       8.3917313586717182
     15.8364691244513835       9.2954931102149665       6.6154297575603245       0.6501945749426383      84.1798215459895687      67.2152880570845923       8.3406534282258331
     11.6061058237185843       9.1984214735615915       5.9544530231047359       2.6066450019045959      84.0643178675740756      67.2131240552893701       8.2842251612380267
     52.9181882432636712       9.1396010336428244       5.7355825920112355       5.6790198588476670      83.9636834509772569      67.2126412332832643       8.2275047212339754
     47.4250491999266330       9.1444847472388755       6.9340683299652168       1.6325663351583870      83.8637401301612471      67.1972055958396624       8.1778737783204516
      1.2809206353559717       9.2033371300319207       6.7594615849380828       1.7136914437344757      83.7493224928269768      67.1836239834546234       8.1387352307561365
     45.4675194734502170       9.1705110798832763       7.1993058438200590       3.2041016682690469      83.6192606258861844      67.1829339614479437       8.1001370830971648
     41.0709471052064643       9.1005398682593022      17.5231270531592891       4.4135698661614668      83.5187242017818789      67.1716047904156426       8.0587810009336867
      3.7062567465417158       8.9799914200096094       6.7902439405668114       5.2627322566889490      83.4122128917599355      67.1637584502038578       8.0096049245735728
      4.1441316894425553       9.3661458533778816       6.1374580936585970       1.5019730206461617      83.3090784234362474      67.1633926759947570       7.9909041556936078
     34.3766254369037583       8.9426416521260510       6.0871139743362566       5.4836338000798861      83.2017911815781162      67.1625326592128573       7.9448955124593086
     52.8447704344280993       8.9566291145599823       5.9296568024292284       2.4088278383190271      83.0996141066569578      67.1534515269930239       7.9045565164731766
     32.7953085767434800       8.8951787158756606       5.8176640426528241       1.9126566317411715      82.9953889765398998      67.1384198178956382       7.8623028858110455
     15.9391590467492161       8.8155052918788979       5.9340986210199462       2.9245381942367175      82.8960230215657674      67.1320869210757252       7.8164412723584435
      7.9504080797121759       8.7932122808989384       6.4519794151665000       2.5555563916189357      82.7950507183210220      67.1313354395796864       7.7728847642945649
      4.6575411080202969       8.8321810384413020       5.6550088096984110       3.6455803669507958      82.6919439361559654      67.1300243344119707       7.7365603000611287
     22.4348163609170932       8.7046707726559891       7.2374205846899891       4.0646827005314634      82.5958454119804060      67.1306204416933667       7.6921698463609784
     14.3705864427270331       8.6480821589896095       5.6017946643983390       4.2277024468115059      82.5009864467145917      67.1275637533397571       7.6465790475564646
     47.9308278931399059       8.6585377936755350       5.2381304553091210       3.2628258664101821      82.4075115333232020      67.1265443072195751       7.6062600147976305
     56.2390591420479851       8.6430173240281469       5.4240376217051889       4.7575367270822682      82.3135103897522526      67.1181934375363056       7.5680832799071025
      8.9156503558044502       8.6627482202881332       5.8119746409408428       1.7558464506567333      82.2205329179479349      67.1055699534288834       7.5344928262918165
     27.0284360617750181       8.6791416109289816       6.3442633548557446       0.4343333749950986      82.1282232713895581      67.1054772709737790       7.5044308304578662
     27.1789055374401158       9.4994727145978963       7.4476136933220003       1.2285410225579625      82.0260340619527568      67.1003605681371056       7.5000600876430434
     51.6581837403249793       8.5021316931262110       5.1867856335224127       4.1040420673728448      81.9030454056484416      67.0972527012073527       7.4588553240403783
     35.9065368517669370       8.4598243105264199       7.6767371356349123       3.5844249748100054      81.8108625046207578      67.0857674703568279       7.4175506403715055
     47.2095978650520323       8.5597711851410132      26.6368654460043501       3.5048438276337919      81.7048439962523929      67.0784411559167637       7.3873258216760975
     49.6585487301728534       8.4616520582340780       5.9348354763912781       3.8068407130252098      81.5554547689736182      67.0640015796417401       7.3521883209781720
     28.9268592678317802       8.3499926754200970       5.8429937385040462       0.0006426842976950      81.4634121689204278      67.0516345243999297       7.3105955740735737
     38.5133480166914737       8.3272307809417878      14.9278456768576930       4.9383028260402426      81.3695222082030512      67.0459457676832500       7.2706891249242007
      2.2284524494185902       8.2707401565260046      27.5814740571099755       4.1232838011622306      81.2344290589762466      67.0375464905290386       7.2293010810996838
     43.8538120526486139       8.1709906759008391       7.0837055025688915       0.9462300360995002      81.1020706546300403      67.0360769128405849       7.1822718481555743
     40.5765686761720445       8.1209464258222592       8.6855072339024506       2.9032556164950591      81.0000469208565761      67.0257852700661658       7.1349322130721600
     42.0310815571397072       8.1372353491306484      10.2725860623626986       2.6127706047903274      80.8881891891847005      67.0162752514866042       7.0937484032284681
     50.3664508280358234       8.1049713440137410       5.6162776187957304       4.6557696840084617      80.7774685749793662      67.0078958516584606       7.0533640885936686
     37.5737286382333409       8.1472722370301671       6.5373252451189821       2.9978623605623369      80.6890988695016063      66.9958174574773437       7.0197172626651261
     49.8705316321484986       8.0380823843665485       5.2589925749387474       1.5925221160417067      80.5875686664407596      66.9880495760765626       6.9799624139394068
     56.5793976770868525       8.0096568280087119       5.4048257665799140       5.9009982815676523      80.4967040719457572      66.9775234911610369       6.9411868752725283
     44.5108845837423672       7.8598339528472234       5.1327885540201299       5.1344350715128968      80.4114907234095853      66.9646502969799400       6.8917356580888161
      4.7478383254793259       7.7671037522384170       4.4459998784734553       5.3908152758861689      80.3253439982060797      66.9564808979967978       6.8374140888567210
     17.4630317521136256       7.7486603203732658       5.6410167811684024       1.9602487936920596      80.2399761508152238      66.9557809622927351       6.7871602949970891
     15.1474954841404674       7.6608475150573412       5.0594501140889152       5.2725518091950363      80.1479364089415327      66.9542174497278637       6.7326407629327534
     28.2676334484558573       7.6238642711409534       6.1466801006768215       5.5809775200517180      80.0677154162221854      66.9538221297582936       6.6801536266554109
      3.1843385811137828       7.4771015501668909       5.7499245129861789       5.1005680348983589      79.9767359630956349      66.9506270920360578       6.6158427913025957
      0.6725665152441711       7.4104902714076273       6.1050837323511074       0.5590608086097788      79.8827750597409931      66.9506967980306200       6.5512146034479759
      0.9457565999292887       8.0306960795043150       6.6181239671492671       4.1232501648831175      79.7853031891900741      66.9507894786914619       6.5370501046748473
     57.7965101365465230       7.3501389604586347       5.0379843972481355       0.3023876558966592      79.6840197270858539      66.9517944313600992       6.4749256106116411
      9.3070548004455489       7.3589494744861916       4.7756942216020910       5.0434827836482583      79.6072413500102130      66.9406117096558262       6.4216128389411438
      6.6294527317102210       7.3541512917507710       4.7851921922385197       2.9501771926355076      79.5307020043276509      66.9400693527815065       6.3736354946467726
      5.6489298359438518       7.4677732064922617       4.9257211949585944       2.1542080794954899      79.4545092512785232      66.9387377970270734       6.3400057891961543
     37.0851703960596879       7.3657365616161581       5.5124976980145375       1.5377977270530181      79.3763259749924259      66.9388448576287800       6.3008902958962487
     48.5748165323663628       7.3241589873051511       5.0446438125207100       1.9367384883938001      79.2974978174081144      66.9346501460533858       6.2615621954727940
     54.8357026598142738       7.2662285906198099       4.7537039839132174       5.1969939985040838      79.2180110169514791      66.9274705413622684       6.2205916836531969
     28.0192776605256313       7.2808263027531153       5.0806905372791746       4.2833795761455775      79.1431663837685164      66.9168620399321270       6.1843424560136864
     31.4396682849270306       7.3251520098314300      11.9738269337263006       1.1262191988155834      79.0656213347493946      66.9139041740074276       6.1540226528810269
     38.0638960035805738       7.1287503598282589      33.8844425697723679       2.9021400256954593      78.9632727079093968      66.9082147532604381       6.1102707726082892
     37.8365247483377658       7.8090474530112584      17.2113785712718048       4.0869033429246855      78.8404503808474431      66.8996936999461411       6.1016668159303924
      3.5348474702523078       7.1147399164204694       5.2236848531015676       0.9730763777900435      78.7071036543279945      66.8903030345875464       6.0614464963523220
     21.4112711817804495       7.0064114898083680       7.7513469543547693       6.1763090272630308      78.6241648265528426      66.8892019261862885       6.0147523231676931
     22.4897630903932608       7.4349442612904353       5.4828583235021515       1.9006833350415917      78.5169215852631481      66.8860813426475715       5.9985540893796117
     47.6390220789342891       7.0369359492787460       5.0231989290106513       3.5187908519931597      78.4289495894142306      66.8844935312638427       5.9605138641684556
     56.9117804176254509       6.9584338075370402       4.7373554383455900       1.2483510330915095      78.3525967683389553      66.8779414251205964       5.9189317141766482
     45.9936628997297277       6.9229640530845140       4.8651035684378323       4.5509880299853620      78.2807959954123049      66.8689534990625418       5.8779041092813751
     32.6163597433766981       6.9127405116987104       5.6465276839052203       3.3255728993156453      78.2096294402106338      66.8604824341912973       5.8395654438800406
     33.0448440311336924       7.4401944326132012       5.4856953240346007       1.0726260155300267      78.1299546203766653      66.8560213727329966       5.8288066352016097
     41.1047722404793987       6.8609652801429384      17.6767429246970593       4.3750473906459746      78.0458366444436820      66.8532300764925509       5.7902410823150134
      0.8807877117199523       6.8404428137727065       6.3026566001591444       1.9871651280812301      77.9566696755575919      66.8470033986796182       5.7531798799855389
     23.9637426161940361       6.7421112251639226       5.0145123324339371       0.3905253308278631      77.8592741766560579      66.8472460409379750       5.7107692863720096
     19.1888931967220415       6.6886728997449163       6.4773094432614364       0.4464161911258131      77.7821044543738793      66.8447291717556453       5.6673208134755493
     45.5277385817431224       6.6277003688992000       4.9011367912521155       0.2872500970936969      77.7049140464007593      66.8420592652681478       5.6221732318931243
     13.3714043726072251       6.6159275812557281       4.9217494482922284       1.0516886065836886      77.6308503223295219      66.8349612976158483       5.5802091296521406
     38.3094156069149463       6.6256924776500430      11.2243149684426786       2.6974968825291370      77.5607904983742600      66.8348307144338634       5.5427600838577638
     18.2804392926796488       6.6257625751240612       6.7026008867375326       2.3722284281814581      77.4760499174215767      66.8300412688898717       5.5082908237602863
     36.0506561406676695       6.6295329127260763       5.6439480749109805       3.6494064530182158      77.3848644164042412      66.8284194855740594       5.4766235250689572
     53.4264098093853335       6.5678067239239235       5.9738228515431864       0.6115495329816483      77.3113421040112314      66.8252513634980119       5.4427730703527475
     53.3693843074585814       7.6273545535683267       6.8167994124988827       1.1898784312200377      77.2376141181629521      66.8154719882217023       5.4399430764644068
     29.1059809298023993       6.5785190837086027      18.9575455064082625       4.3007615501467598      77.1339836013850686      66.8037533559897128       5.4094723851565032
     27.5321418010745163       6.6727562632595543       5.6261880896685694       3.3445887902692419      77.0348733202074669      66.8006930443628164       5.3864093638275152
     29.7349952159162711       6.6877311820310119       5.2569153023180943       3.3787966818256763      76.9624092222977509      66.7974152127437435       5.3652340415270823
     25.4462981943991373       6.6425963111081909       5.7990710006734068       5.9965663345552258      76.8832116503216838      66.7941758290396450       5.3428880682238500
     32.0677611324500731       6.6816637985894562       7.6240793597702945       1.6076639513033086      76.7933490158170429      66.7912847001362309       5.3234237979476742
     30.5167997546956222       6.6881645529096545       4.7622049863581415       6.0296210265565406      76.7043004922016394      66.7873059805955336       5.3050655994658484
      6.3286618885025696       6.5853802338161627       4.7167706795508471       4.4849210190789535      76.6321551527526736      66.7831660841425929       5.2828672305150635
     50.5540022380485468       6.5451598997745073       8.0154163946091685       6.2517705692640249      76.5595170116565100      66.7837148559020619       5.2597529188615013
     49.4925484807804992       6.7025544702659587       4.5024061683111167       0.9156254404318176      76.4580006346097889      66.7734110700602201       5.2443620822622226
      4.8309512279070015       6.4556347856457945       4.6572099120267865       4.6943371656801247      76.3888629831059518      66.7683110378670790       5.2184507898673562
     42.2760160995066343       6.4234102445684425       4.6028662106858942       2.2898064061430858      76.3209416229693147      66.7680046835436798       5.1921713411669490
     59.1147737975095708       6.3675671721729374       4.4875594133661396       0.3095702895173460      76.2526422463599829      66.7636537408571087       5.1640992953187350
      3.9164902229366536       6.2740303353928333       5.4387243038989048       5.5720373054549128      76.1896445694727760      66.7546599038080757       5.1316270000820881
      1.5353783392273195       6.1741624070553716      14.5973513433801276       2.5638784548703342      76.1126614049522914      66.7545417050806975       5.0939338178968381
     58.8710196356552871       6.1238341229465600       4.3524874995978236       4.2179683508059469      76.0275516688671900      66.7552213777394883       5.0551761561400390
      8.2562840232787860       5.9982169789845230       4.3765276485642639       4.1337424733122106      75.9656519968878428      66.7453043565797515       5.0082857970663701
     45.4216628880558275       5.9888222274817737       4.6303079951792263       5.2285933620490397      75.9052244707112180      66.7444744593113626       4.9650876112859557
      1.1884057137791511       6.0256349370825744       6.1601430681872342       2.4850924742352589      75.8390427908151565      66.7393752060938681       4.9288637721885511
     43.6311328234845774       5.9813885677596748       4.3703644105739716       0.8317564895353868      75.7618116863546192      66.7384737428479582       4.8919924822514362
     23.3171030498321201       5.9852393365466456       5.0718989576160718       3.4047902147633948      75.6980609575622339      66.7303369154656707       4.8582967353029733
     25.8610535837174069       5.9419403639973023       4.7373066172410141       0.7639784469304729      75.6263326319325415      66.7264511148239592       4.8238767246978727
      0.4167595925711233       5.7535588416671519      22.2304067843655133       1.3864705618018860      75.5615760948118691      66.7250508600336900       4.7756004273639734
     44.8040594392923097       5.7711664201228974       4.2935756448578957       3.3141111391071689      75.4895353810703682      66.7245637147011621       4.7338034428356082
     39.9741256816756589       5.7625134538820255       4.2121266944187399       6.1778535081153478      75.4246354213565979      66.7186109069282764       4.6949444171488013
     26.1829476242025052       5.7489845508119606       4.3635931258072231       5.3829858733127622      75.3637457010078577      66.7142106450314571       4.6581965672028902
     27.4705663898227925       5.8843324297711463       5.2758579360760027       2.0978523370998090      75.3030283814333927      66.7113102403024953       4.6331327771021167
     36.1801686565745229       5.7691795470270888       4.4411702990708379       3.0060065010969055      75.2282156586501145      66.7081954545056703       4.6024908284046706
     65.9096518187090510       5.7103604314831857       4.2041515108712249       4.4939684635667589      75.1658050330550651      66.7052642216277434       4.5698702624000624
     51.8124053579739439       5.7084651289859885      11.0450797337567312       5.7826388050069255      75.1073982522812003      66.6955239480107451       4.5394015342985137
     46.9365627668440553       5.6982073080357676       5.4806116308050496       2.9281120780563441      75.0168407371412229      66.6852091782729843       4.5102728900168350
      7.5931889920177937       5.6913886850378095       4.1397329140933046       1.2959693267896881      74.9508238683082766      66.6803147239797767       4.4825573318325453
      5.3815000062151617       5.5458227694096864       4.6166723080247429       4.1834386143439559      74.8930074210518342      66.6802651819930219       4.4465511467674013
     13.6510672170703113       5.6017938140477526       4.0645906593882986       0.6043387324119109      74.8308852219972778      66.6805518997376225       4.4171906655584019
     50.6372370888333165       5.5540111525807117       4.7587816343068940       5.3115399190185855      74.7749512773781220      66.6805435181886139       4.3866018247819163
     20.0221465378269876       5.4291979334071989       4.3938024244440310       1.0649923900294240      74.7122545008464272      66.6752526610017924       4.3489149040860982
     55.9296801644957853       5.3758852157474113       4.0004905183862629       0.7153433025326237      74.6520892997512817      66.6737074529046367       4.3099076865636556
     36.8769880474114089       5.3858992422302805       4.4119719779339963       2.1896294784512946      74.5989283667695418      66.6680750878259119       4.2749010337582733
     22.1569978375575829       5.2726830279930290       6.7734535433155996       2.5763295505078503      74.5401734659281345      66.6636014686358038       4.2333083492121029
     54.0403720431737185       5.2831978025136719       4.1093843228356857       6.1406039996850978      74.4754286162585259      66.6615216374370760       4.1962236147735927
     51.3272413523571345       5.2899508046929800       4.1079228061146935       0.4571762353974052      74.4217654300132949      66.6543525445075602       4.1625653544713916
     18.7216748993915800       5.2740181104004913       4.4159965617672903       3.3552534100656857      74.3670133799388680      66.6474575699877931       4.1302044417934702
     31.9615151502236863       5.2571583785009040       4.6913441194565344       0.9533495399030514      74.3067343565179783      66.6463808244554770       4.0989385052845551
      3.2760876413768338       5.2121399263407353       4.0667234806089558       5.9749743056177778      74.2443544824539003      66.6447769762206832       4.0667032588159095
     53.8363785749322474       5.1270062686922273       3.9454443582068794       4.9969965804105669      74.1874750371646172      66.6449019097765643       4.0304624687032957
     59.6713062819386053       5.1178633400785802       3.8199908572836834       1.2058773136944154      74.1357280603633910      66.6400385533435724       3.9963302080503995
     39.2138219974187834       5.0672217134682622       4.3298649704830563       5.1577667514405476      74.0850013972207222      66.6315391090565754       3.9609282102784942
      6.7379424255999263       5.0678709370131676       3.8862443539412093       0.0820813392149873      74.0292303021788314      66.6274923305670796       3.9282431678658893
      9.9448132568975840       5.0611220511474579       3.7802773453902296       5.9482320360601335      73.9790540056063861      66.6274883851023247       3.8973874952656296
      4.5385983329775499       5.0422411296776426       3.9900947499501336       4.5994610875698498      73.9302644532531161      66.6262985176812350       3.8673428723876482
     46.5973705887695218       5.0313614264808990       3.9232223443147025       5.7491142743582060      73.8789177442458538      66.6258468839341731       3.8385534737180249
      8.6412904537622115       5.0003715549566827       3.8157939915100125       1.7587006263186566      73.8286513663499875      66.6225568658493756       3.8096228606372802
      0.0000000000000000       4.9659965738618288       0.0000000000000000       0.0000000000000000      73.7799659291625147      66.6218533954012031       0.0000000000000000
