     29.1719887240117579     605.1568384844988486      35.6833133852629700       5.0268548734796497      63.5282325592228645      27.9862269789312137     605.1568384844988486
     58.7226074485296436     307.6143537185419063      23.3622554551590831       3.5679490294481155      58.3653384317886719      27.6248014584439865     307.6143537185419063
     25.2266229360020695     328.9319388319796076      22.9193722586098900       1.0744186999020755      56.0044315138296653      26.9840282109677503     307.6143537185419063
     27.9644163979455023     325.0374130162596771      22.1291436334394973       3.3162044766416301      53.5784778059710263      26.8680962618112567     307.6143537185419063
     47.7778506963340774     208.3846457588900023      16.4428654785466293       4.5632680874025908      51.2847058579602972      26.7293971213528749     208.3846457588900023
     37.4292015835408591     200.4170904547833345      16.2493785097660997       4.4767144990094465      49.8888253805256028      26.4982426344262372     200.4170904547833345
     55.3234961295372756     197.3965258048190776      15.5066237939294425       2.8625687302613159      48.5835218592513272      26.3721680776801755     197.3965258048190776
     44.8936317843398385     205.7809291797341302      15.0420355074741465       4.6194339466222090      47.3317379190213572      26.1082936182587062     197.3965258048190776
     22.3074995900260831     191.3768644598695801      14.4169382715040229       0.6203139924712602      46.0597112759006606      25.9349594764600759     191.3768644598695801
     39.6875659639339133     191.1618266054456114      14.0679031200323834       4.0823378301632118      44.9095981366057657      25.8949239889176397     191.1618266054456114
     60.1135584670413721     176.1256137549436289      13.2592990607005223       1.5077532858834246      43.7894668726980711      25.7799705384304829     176.1256137549436289
     51.8171096389218988     168.9097120416696782      12.5016495593334866       2.5490228690380690      42.7841934454342336      25.5498857380019011     168.9097120416696782
     50.9034308492917020     155.6549591810148740      12.2854119682659171       0.3810812680260867      41.8426931041124632      25.3945048845439558     155.6549591810148740
     54.9939388671719342     147.6145338417735502      11.3137255924508526       4.2030721236426842      40.9944470987480045      25.2613291350327422     147.6145338417735502
     37.2321058302045742     135.4837708297403651      10.7789880148864778       6.0940208595325913      40.2061883149012047      25.1158974642564985     135.4837708297403651
     71.9984140961271919     127.3221694573185090      10.0363330189718649       5.4150974744309934      39.4930624460700344      25.0569646775427550     127.3221694573185090
     26.7640139448590908     127.9216822063542196      10.0384243543313278       4.0710362652082921      38.8397954773809033      24.8642903502564501     127.3221694573185090
     51.1846304454959835     120.6421971924296912       9.5704763415507959       5.8881052737904866      38.1939786441774842      24.8352548236192376     120.6421971924296912
     62.9918351157940819     110.6715389316265714       8.8226722950197853       6.1080986852371808      37.5909882618919013      24.7487152909911821     110.6715389316265714
     61.4386114600962472     108.9632320137469037       8.7088637376646325       0.3164952081372618      37.0510638459662260      24.6297506652294373     108.9632320137469037
     30.1938804119613238     107.8519401376766211       8.2580896429308215       1.4739401585668901      36.5269349865132114      24.5230367270941798     107.8519401376766211
     66.5431040541907919     106.2100295646867067       8.2166082299606931       3.6477792931894299      36.0154497670693416      24.4962429762286753     106.2100295646867067
     59.4700043331961368      98.3316581562890235       8.0935520713988023       2.9560102687158150      35.5191475546597886      24.3764413292315894      98.3316581562890235
     48.3670495687842532      96.4137202465244059       7.8565671912397255       0.3153880420816719      35.0658888126924921      24.2890886265817620      96.4137202465244059
     69.0536868934701431      83.0237902345217123       6.8952215223135829       2.0447795412749628      34.6270903891187700      24.2302197156739716      83.0237902345217123
     43.5877277486987964      81.7494102194571610       7.0207494074626515       1.6693543490385281      34.2546248511892628      24.1393088872668287      81.7494102194571610
     53.7580784505465488      82.4736390596179092       7.1248577570318181       1.9729642801233211      33.8918233732141871      24.1029639253895738      81.7494102194571610
     67.7859225215272403      80.8969910952900904       6.9873723576315196       5.3507070210374224      33.5295731251649372      24.0475964665351221      80.8969910952900904
     56.9307775017189996      78.8442422661670719       6.3485460735553110       4.3680359738121268      33.1781171665278123      23.9651880872457390      78.8442422661670719
     58.5886257592474635      75.2175327611810332       6.5361568260842233       2.0861576334121281      32.8391556974828305      23.9080004284244971      75.2175327611810332
     30.2666618580589244      68.8017862650080616       6.3971923239775608       2.7079687488788267      32.5119471701610152      23.8474338058771238      68.8017862650080616
     24.1444058914079669      68.3776145110463034       6.1081070596516183       4.0234981401938938      32.1927774251522862      23.8302317857150143      68.3776145110463034
     43.4099202743331603      65.9867564773599753       6.0325097513930812       2.6310803903673303      31.9077263133954823      23.8196709406367120      65.9867564773599753
     64.4702129287393007      67.1448302213729988       5.8880598849451946       3.6436057269514066      31.6348434251162658      23.7940978780030186      65.9867564773599753
     52.4464387613185608      57.5265114858607873       5.3634921321065487       2.9445714189262588      31.3599114455069596      23.7370689954523826      57.5265114858607873
     62.8032118084480402      49.5705430639785334       4.9195636661251481       4.5964076501025346      31.1263416747184820      23.7038373561704141      49.5705430639785334
     36.6855901189831073      50.0282578523752903       5.0339027201558952       2.1091095362919958      30.9237380419591830      23.6646088979414380      49.5705430639785334
     78.2625541488903878      41.9701776395728459       4.6418095122901066       5.2115512315261441      30.7235627918097833      23.6497837229537922      41.9701776395728459
     33.8514843746864855      33.8187485769804184       3.8665472488346251       4.8660958042804197      30.5569634461441453      23.6012318482202375      33.8187485769804184
     31.3941724398216948      33.0797835092794870       3.9933348389278165       3.4176752900878427      30.4235037806978390      23.5926278494773669      33.0797835092794870
     33.6944490494888527      33.1394830793346813       3.7238071068422527       2.8927977267360774      30.2934310243065603      23.5852610537572964      33.0797835092794870
     60.0025030451011361      32.4469359087163838       4.0808484434009404       0.4519544415618881      30.1630699401518356      23.5763304339903321      32.4469359087163838
     31.8705543848957724      30.9655419910008192       3.6529710416096250       1.8210609475629980      30.0317660370244788      23.5531227407717445      30.9655419910008192
     67.0603169012711646      25.6538133906526831       3.5773245785060608       1.3006522323251346      29.9115692367255157      23.5470517479290287      25.6538133906526831
      4.1895969580877903      24.3016078515564331       3.3651032529853611       3.8999832540705910      29.8122863380467891      23.5265520447813046      24.3016078515564331
     40.1890197026025291      21.8592831895934445       3.1036955444510004       3.8249492519592394      29.7187907407172069      23.5266331554405177      21.8592831895934445
     47.3063364002660549      21.4293654117162617       3.1047278384350783       4.6929295536304636      29.6348825528709021      23.5187845511505529      21.4293654117162617
      2.1047922043697431      20.7990301837713858       3.0739833073525551       4.7702588418490706      29.5528564526387036      23.5106580526404905      20.7990301837713858
     36.1367770011567373      19.7097951028630440       2.9304822091812275       6.0581030961671587      29.4735341886456084      23.5104525002834670      19.7097951028630440
     82.1129595740323452      19.1697677641682382       3.2978506504023621       0.3926281579281792      29.3985013441224616      23.5048573383708082      19.1697677641682382
     46.1865486285922628      19.1415547285245324       2.8318262097697082       3.2933419731037219      29.3257969756564805      23.4826926260471538      19.1415547285245324
     22.6130001679936079      15.7877596148914403       2.6473688515476268       3.0850671692808618      29.2533062882933272      23.4763479751335815      15.9545897701910029
     70.6508788718105052      15.8432145040834307       2.6738803530036384       1.6083116002394462      29.1933560316645995      23.4752733691704272      15.6535597745270216
     64.5206142768558948      15.6789295147406360       2.8405347263075007       5.9315530247602766      29.1336830332057239      23.4611000978570488      15.3525297788630404
     46.8184710813033860      15.7222671088354993       2.6955685819800901       4.2986363827424583      29.0708693277954104      23.4487651862994255      15.1764385198073590
     44.3715453525375239      15.7160387479249053       2.7875406917727212       6.1452873018766496      29.0117926999684634      23.4413296066280665      15.0514997831990591
     25.4966823659662687      15.7215021380511253       2.5377888407690583       4.1696684798574069      28.9528361829975509      23.4366530759706855      14.9545897701910029
     38.8732843664302479      15.5019382226250357       2.5160842417659133       3.6746530355360818      28.8937021729999621      23.4355978402445366      14.8406464178841659
     62.4876836440901400      15.4823246382672401       2.6517560598092169       2.6817849951969919      28.8358847390999031      23.4308273053903271      14.7504697875350779
     28.3519462487694618      15.1709306954004095       2.6538819554753590       3.9927046755677083      28.7778849094346860      23.4200341291874317      14.6121670893687963
     53.2419736642615504      15.1787587938099691       2.6310516688672223       3.2142562835418147      28.7215053007089338      23.4174282161766065      14.5074317388487835
     49.3649893799508561      15.1277045619288764       2.4651859155790761       5.1161598267111259      28.6651230949209967      23.4104526342254324      14.4105217258407272
     42.8150315811345976      15.1058550018515696       2.4818251594540848       1.8443806831622140      28.6091395640962673      23.4036269067662168      14.3313404797931021
     73.6601873921319736      15.1555194892790652       2.9897823559182668       6.0140589613780122      28.5532964199528969      23.3986689491427882      14.2733485328154153
     38.7001756550937586      15.2036038027785239       2.4435369978383052       2.6807424936035176      28.4974732629643022      23.3849310030599185      14.2221960103680356
     42.2289356777080158      14.4099706372756966       2.4641054197800507       2.6607689914583688      28.4413934295921678      23.3816072327772986      14.0051997635460914
     41.6421716287775823      14.3585656349629058       2.4269533950782702       0.2852744169161312      28.3884453528759266      23.3774460424700585      13.8473798005431341
     35.6691159884623161      13.9717191167258292       2.5699277404181147       5.4635804043112586      28.3357776048559593      23.3731460098290640      13.6043417518568397
     75.2606760113606725      13.9947951547538434       2.0049275315453365       1.2438751901047880      28.2846063783723771      23.3695843240966923      13.4562792164014020
     71.5015258945103227      14.0044391672309771       2.4933445028789079       5.6968836859649201      28.2335466525701229      23.3569306938788444      13.3482084050803991
     46.4326064960302247      13.4468028933474866       2.3567877527133718       6.0388075135029595      28.1824390576950528      23.3452050366833106      13.0936531494909101
     66.1760489724957353      13.4765867340625896       2.3076377986986443       4.3155701665148598      28.1334522053826532      23.3405222501180099      12.9430193265937259
     30.0663270354699783      13.0461008764014537       2.4302795038739951       0.4925327007752500      28.0843238580419694      23.3303669897296722      12.6904806138851942
     21.6654014856730299      12.9145154866689307       2.3225378123678131       1.1812278575182944      28.0349598348334546      23.3277981427135366      12.4871296606837401
     70.2391727402480512      12.8341607254670844       2.2225985437790952       1.4263507264679873      27.9882280810470512      23.3272029585660938      12.3257922846242938
     69.0197111217081698      12.7656652415790290       2.8099451703179898       5.3493356640295389      27.9417436667046886      23.3172843254355620      12.1912366614427885
     42.0408609508733520      12.4435202524996154       2.1100237691951298       5.2415783701192851      27.8896184126823243      23.3062896075303172      11.9982772393498092
     10.7213613106805656      12.2555825101307203       2.1757059902461231       0.6988972984348081      27.8446197148202970      23.3024317013834512      11.8071298743438984
     68.8686386612203876      11.3832910049999523       2.2483426770944059       3.8380890164465171      27.8006044322369306      23.3022174592459592      11.2444046841244418
     58.9771563427954462      11.1579571265450195       2.1570861379496438       4.5023494895488483      27.7580861320025782      23.2929602093349857      10.8980050432699436
     58.3937075318799899      11.5172420687023092       2.1375154358165673       0.7017376592360094      27.7178805914020607      23.2866379347176355      10.8044752712923504
     40.2954889969097749      11.2218807144773205       2.0342331613810734       4.4425929733027232      27.6761220489445030      23.2800746384325841      10.6638208201244442
     51.3716474531512617      11.1213340003847527       2.0783270438721142       0.7399823727994814      27.6351520621652611      23.2775186107203993      10.5338965127779787
     56.8921567994938542      10.8844653985922388       1.9780929974478421       2.5155973536950995      27.5952746460403873      23.2735615549215780      10.3736989922776690
     36.6028247189501599      10.8739574488431963       2.0490751225368888       6.1519857160943303      27.5549827825637728      23.2678084401608842      10.2544296938297599
      0.0811087087692677      10.8778850344397462       2.3766968097010519       2.1653509458772504      27.5162183681628782      23.2656437544607151      10.1617150217120074
     79.6109662936195548      10.9084359520080003       2.0607534411894726       0.2465977135091677      27.4776081694020675      23.2654736036413894      10.0901362428978629
     49.3359655099242360      10.7211948708977172       2.2508413066245407       5.9854453629428264      27.4389446906866965      23.2548447772812850       9.9988731640599458
     17.4697640276992132      10.6762685840874934       2.0122678598277495       2.4344175461504136      27.3954769146084409      23.2498649642310724       9.9160208683460649
     76.5492851041344693      10.1855807043047424       2.3808945221316229       1.4074356795302236      27.3577474739313438      23.2494193330491257       9.7291840754524088
     76.4948268106662539      11.3133000467157370       2.0965751982373320       0.7396480942355126      27.3217978829158525      23.2407181632292783       9.7180137161482314
     30.5620916094593156       9.9211839797326462       2.0362177730122490       3.7896565881149371      27.2780032099378040      23.2293896438305687       9.5067948788783845
     45.1624686544658616       9.8744922610781867       1.9488853346451003       3.6301259524828282      27.2425015569919076      23.2278343164394734       9.3518091225517050
     40.8464733533108060       9.7993046058738553       1.9918419680011095       5.5928965107498954      27.2076811857306993      23.2248565845654298       9.2192723749512648
     32.9843103512978999       9.4567117885136227       1.9014890670911901       3.9291352868370240      27.1732169652872351      23.2214897904232700       9.0209335048148631
     54.6554222104402925       9.4663964963241867       1.9619062461963765       2.4679903062699822      27.1400396034072138      23.2195380386739991       8.8878612373503287
      2.9190097310524532       9.3603856340915890       1.8962099621760860       1.5467909259444212      27.1067375476271160      23.2149273386604271       8.7617687272482385
     49.8383435283484957       9.1901750655585950       1.8088651344395339       1.8003730935291031      27.0739955978338465      23.2149870786253132       8.6241294648839126
     52.5623589289375275       9.1495389367861026       1.9816660652841418       0.0588609728240996      27.0417621392781591      23.2108252460829725       8.5107688185850083
     25.8930963167391965       9.1875415600008896       1.8653850227290292       6.0856130467924032      27.0094123416270371      23.2070134057974720       8.4278083450727674
     67.0191984462965280       9.0603036666424348       2.3622487284121401       2.7073806717001361      26.9773647818389257      23.2060287877549705       8.3368171558588173
     66.6970043206912351       9.1480616168930808       1.8374748055365464       1.0774245587620541      26.9389285922725712      23.1984924293808561       8.2744463589645498
     31.5798126623273809       9.0475803215598098       1.8683948727375053       5.3221709052644002      26.9067523366247450      23.1919905160281630       8.2067792548317424
     87.2560460387997523       9.0857813007229620       1.8594882431756095       1.9629408623571152      26.8747527798776282      23.1907668997113454       8.1528833602067721
     74.5939192537309879       9.0163965444856764       1.9663810401027748       0.2735042856750667      26.8432664884584398      23.1807050410397153       8.0971510534947662
     37.6320536926348765       8.9940489778393466       1.7597471513701446       5.1229057529902349      26.8120306656764953      23.1731284534590785       8.0453061482590744
     47.6855919574280875       8.9620236107516522       1.8630955793825366       0.4198765466665506      26.7805128165726103      23.1709063352578930       7.9956468450225326
     19.9693964059661972       8.8945212420362019       1.7813701870254159       6.2220046789639838      26.7491616575915039      23.1673692392209212       7.9440238980890427
     56.9723693692908881       8.8142355553407317       2.1320604986226184       3.1575255710106802      26.7184688588712227      23.1668922439647957       7.8890928743168569
     61.2089297661995388       8.6216014704544577       1.6997918408474562       3.1875955654016224      26.6815500299858037      23.1620239109508006       7.8153246025177170
     64.3637992461354997       8.6400618451798632       1.8113759448395503       4.5795644784287077      26.6517671604172790      23.1573201750403861       7.7547347386210408
      0.1344202477780950       8.5642673474426410       2.1416510194748515       3.5921534555996431      26.6209612366196602      23.1513629947394222       7.6921345416301508
     44.9253385262901261       8.5441461400934742       2.7473370179995520       4.1114706497813103      26.5864329069354497      23.1513985379226952       7.6350007961352624
     42.1355986974984091       8.4251274490166104       1.7787440995889974       1.1004442005744792      26.5466259241120959      23.1478082748191483       7.5697446951387013
      1.3327682419797438       8.3311069623153635       1.7364232698779858       2.2991822611041215      26.5171326565789194      23.1458239107313553       7.5003593776390156
     38.0182710209235708       8.3036538559208584       1.8152990557068169       2.8299950339190190      26.4885875450735249      23.1458271171451067       7.4369165796465833
     71.0258175100230886       8.2772873144570358       1.8429991907739005       5.3185558822782042      26.4601056241394410      23.1444228617847578       7.3783308999934230
     41.0382178325929416       8.2858023519447777       1.7735797237728663       6.2497234713133167      26.4316747945499948      23.1378575259263215       7.3276630320909319
     23.6831533273946206       8.1150319359176439       1.7152250514659124       3.5593188272380729      26.4031521821225894      23.1353347692240945       7.2620211351798245
     67.8661392629108775       7.6098777084729727       1.6173435810828745       2.7373622042999131      26.3754880752565768      23.1346307403204605       7.1009846442666706
     72.8574867005463886       7.2946743350514378       1.5876803634901830       4.7754332165553279      26.3493767137320560      23.1299384579607725       6.8860899424183115
     39.9984043548787795       7.2495230037269227       1.6127690073152046       0.4529377526580944      26.3245541859209773      23.1240734758446429       6.7298198838209355
     75.3275946412848185       7.2442398282168003       1.8499887557332959       4.0420322273333085      26.2994033452873595      23.1221751996173381       6.6139098455211993
     51.8810215928917771       7.1911158059695985       1.7650430608584187       4.2334581976231647      26.2721646700214428      23.1155188621329835       6.5119139562490389
     85.8266774086789468       6.8733193808496482       1.5453652426949493       5.8407732437679698      26.2448791547742957      23.1124239896338359       6.3550301671593692
     20.6753332652124371       6.6198761792640886       1.5075313549318723       2.2505467838621342      26.2216214235670222      23.1055477441516004       6.1665396431180177
     70.8103192125823995       6.6149923518341947       1.5653482882554131       1.9366355719524080      26.1992041469635772      23.1052444343346544       6.0342544861154304
      2.4212720046923435       6.5427457620704628       1.5325867784455545       3.8025833371778361      26.1765355630459418      23.1005414930163582       5.9169484875806910
     52.6566972686180037       6.5268876554226694       1.5489764660003795       2.3110770426704192      26.1543436084424243      23.1005661529649799       5.8216030191970658
     15.3030734095809073       6.4812672107669140       1.5440567808651628       0.3226534032240167      26.1318760940198445      23.0978979662948340       5.7356188870694034
     24.5288418885680883       6.5102279581441147       1.4876260849770198       3.1418572447203559      26.1100338477665197      23.0977202343456440       5.6681644144242025
     55.9069600110398000       6.4316083912858266       1.5561379052478561       2.9435457896382076      26.0879898555880914      23.0967663150182752       5.5990859828324675
     72.2979745486233156       6.3888680418021284       1.5354395244302903       0.9176903452701524      26.0662820270885760      23.0935267313923873       5.5337819407782023
     48.1781801875498559       6.3448821386894156       1.5091563680410838       6.0826912812386382      26.0445975491947017      23.0888392979972643       5.4713920117396890
     67.6589069476145113       6.2879859071579247       1.5464775153935577       2.9006720648088020      26.0229000222576161      23.0864300378234582       5.4097332391846775
     73.6358910158463260       6.3391190195064313       2.2696586094547584       1.7323950788252631      26.0008639118737541      23.0823276268997191       5.3614252484808880
     44.3041657832007303       6.2519862544379983       1.6196959291174244       1.1909148024408722      25.9757323516785092      23.0767841658174859       5.3088628490756040
      5.4257112977638347       6.2492580609939834       1.4633610164380837       4.7965449138703917      25.9522117668689383      23.0750771866275706       5.2617008103357552
     82.0580231819486130       6.1724786802395712       1.6040064324479457       1.4480495380251313      25.9312642991749449      23.0752644294919342       5.2113960673426654
     81.8946784615654337       6.2292333782811919       1.5010036961083328       3.2381187576741439      25.9087934636947672      23.0689632345592912       5.1715952533597607
     56.1175705894210921       6.1298053375545898       1.5098134540588255       1.6225515931276249      25.8877367895581401      23.0633535963914724       5.1262331833019186
     35.2366289308473313       6.0282658490538497       1.4378748455291479       2.3739894235171022      25.8669041457450142      23.0608659311106337       5.0749634151347180
     61.3219677362062328       5.8677755055213909       1.5173479213084196       0.2174054090376600      25.8467069569565666      23.0598682836124773       5.0100814800215643
     76.6072014918618009       5.7828744741726181       1.7082104444913730       3.4767892442817327      25.8262038983386724      23.0565908822761649       4.9423657784252635
     75.4109909088143411       5.9166987436491230       1.5590316834081404       4.0101669178750825      25.8045291316910159      23.0511651382494449       4.8985764992985885
     75.5110928176427905       5.8964087783740888       1.4545752301018207       3.6131770720879075      25.7845179707573990      23.0466067561781216       4.8569868018294393
      7.7164146057552205       5.7909005033578937       1.4134145546536525       4.5716741649433033      25.7644854646863806      23.0416596449871598       4.8091537014351236
     20.9595469878058580       5.7582631468359162       1.4071982584930509       2.9610355058160138      25.7452200129584661      23.0418821563354754       4.7628808468894892
     50.7896339983762601       5.7219289596310920       1.4573918810943867       2.7220318291859229      25.7259397595969688      23.0413474166267349       4.7176022731044851
     16.3839368444988445       5.6835092714284849       1.3902744954858066       4.7585131532017186      25.7061271623515033      23.0391768762982601       4.6729980461594733
     28.5801926463532752       5.7024704962336727       1.4014291071726217       4.4102877914322534      25.6872755778083288      23.0389582462392895       4.6342043282157857
     57.2589296436005171       5.6878717647398451       1.4164928628113032       5.4957477001201624      25.6682424969835203      23.0381280910880442       4.5974263347710327
     50.0630313572096455       5.6406029562764397       1.4002343660635062       6.1028316897769201      25.6491277296541220      23.0355974460884170       4.5597870667309435
     38.4340374921838190       5.5417276003650144       1.3788808661298184       5.8086257749435646      25.6302085467541403      23.0336065296067254       4.5167223554615283
     40.0966074906116532       5.4766115677226033       1.4101656913637797       2.4224411625239526      25.6116661891977841      23.0326322395364578       4.4715275488869031
     37.5856731235462789       5.5309412337876376       1.5094453887165129       4.7816378214832440      25.5930525329244247      23.0312963076308002       4.4352136802762780
     35.8148218852419760       5.6489929027317078       1.4194776072894579       2.8832477586750400      25.5731401617800422      23.0300638906437207       4.4094479423135020
     63.3018803405173571       5.4131460458839324       1.3837852861435005       0.0514400903578505      25.5541429989574027      23.0291755621944283       4.3683916762568762
     63.8274551697547992       5.2667094908419356       1.3519782899344679       4.8719470856797926      25.5361887898107938      23.0261202547339145       4.3167084018667783
     24.9538213177293038       5.2147195328189664       1.3371819507976779       4.4986913563391653      25.5187579939473963      23.0230095875636245       4.2649909716108683
     33.8884743582777972       5.1832321784825988       2.0318263082547756       2.3376743793035502      25.5013686926126901      23.0226395835876616       4.2154985916398857
     34.5041376616587741       5.3211696050161157       1.3454916041201495       5.6467201943358560      25.4786333877937210      23.0216620823749665       4.1827196952217420
     79.1443644415417111       5.1856051545067245       1.3424135657339600       5.3379330531073066      25.4610367716895176      23.0210377628368832       4.1415911104003689
     65.0913589864997277       5.1566124485763210       1.3295249242159430       0.9187969773286611      25.4439091799430344      23.0168184965942118       4.1015454949691605
     61.8555270407262512       5.1664682707223548       1.3215746704117486       1.9007090606740320      25.4268957160482323      23.0139236748374891       4.0656725342035394
     74.4989062192796752       5.1659722041393756       1.3447481711093510       5.1556137423807087      25.4098418791397869      23.0111959916247777       4.0325017047631242
     45.4079414980173297       5.1655035319288736       1.3209605280594996       3.7822184723393519      25.3927307611871598      23.0072600757258208       4.0016537130903798
     74.6907048013213171       5.1083123739648446       1.3335617721813302       5.6862129339331915      25.3757330562558359      23.0061880376084638       3.9689477617032791
     78.1649767427076938       5.1485095606944311       1.3222656630683280       4.0251362391921219      25.3586682051143875      23.0025090510687527       3.9411380299927465
      4.0754830462970197       5.0935903266603342       1.3381465419610417       5.6324017163545506      25.3416443030466674      22.9984780084606371       3.9115968416425533
     55.1812595957776750       5.0796930814355630       1.3476064473985423       2.3485980528769659      25.3245381859475103      22.9985535627612592       3.8830674791456832
     53.9202801125314792       5.0159059038093634       1.2952658384816691       2.0545573347028920      25.3074429959815177      22.9964893690463690       3.8522094169214971
      0.0000000000000000       4.9523048703322523       0.0000000000000000       0.0000000000000000      25.2909731735611771      22.9946739496963843       0.0000000000000000
