     20.5725821109852696    2701.7904265213801409    1215.7068241957133523       5.7003815604455923    1016.2319548978684907     175.8416003420834102    2701.7904265213801409
     38.7108375509826246     381.9635524021362016     236.1832604321576525       1.3965182814993540     560.6081077554893000     138.4670490008135459     381.9635524021362016
     25.7263783048531671     289.4656700019474442     218.3853576008769437       1.7686017728540691     532.3265120200827596     131.8081056584045143     289.4656700019474442
     21.6872633068294931     308.9780654686360322     193.1598700807880675       6.2163815699655771     512.1039298207271031     129.7881048140525593     289.4656700019474442
     22.6180660288495510     309.5842497999052512     206.0035392260589617       4.8283588158577260     491.3006868600804182     128.3976054635169817     289.4656700019474442
     20.0559903224393032     317.2599735882133700     191.4960396019039024       5.3607234415442946     471.3048183731716563     126.9824013059503756     289.4656700019474442
     25.2534766366623522     340.6861577063845061     188.7455544833014187       2.8170706588482943     451.6045955730487549     125.8041588522523284     289.4656700019474442
     35.3325373028665481     311.3755015653771920     174.7715389449613212       3.3514681516156060     431.3302067157005126     124.1163833701069734     289.4656700019474442
     32.7714886443525089     307.4371136610213853     168.5264770103739238       0.7917647811212234     413.6775088449520013     121.2451195249316243     289.4656700019474442
     30.2127689144486098     309.3729849151717985     158.7925632785125458       3.0310367301629384     396.9641528243240600     118.8437564415324346     289.4656700019474442
     29.4716136613848469     328.9657733272997007     151.8735645388274520       0.6603053297242738     380.8227590580284527     116.9269519593040911     289.4656700019474442
     41.8190116953500066     342.6566695112400112     147.2029828229696022       5.0241582702922898     364.3297858699358471     115.1676233445106590     289.4656700019474442
     17.7992540186430155     251.7259121143354150     125.0210908045395541       1.8892985642726643     347.8851748713545931     111.7075198003830963     251.7259121143354150
     41.9245826010149401     201.7428927344055865     109.0820238343177948       1.4344128712094033     336.4200970047099304     111.3004454696215788     201.7428927344055865
     21.8276628285670711     210.5621560886093278     102.1560650912070543       1.6983304307052975     327.5609798293921813     109.6806197056952641     201.7428927344055865
     31.9527538728819351     169.9792464002439942      92.4815864753493031       4.7852241614803717     318.3130261981429499     109.2033917437862698     169.9792464002439942
     45.2853529136782242     166.6949216631049069      87.3802371254582937       4.6009448262105224     311.2661027270888781     108.4944360666798673     166.6949216631049069
     26.5360129149968493     166.4609587411127904     189.9985594235050712       0.6089641279052600     304.5121417751947206     106.9474091488750673     166.4609587411127904
     38.7974773131200479     141.1024725157422495      73.0696158680503061       4.6980074141232109     297.9092497734894778     106.5182061797968629     141.1024725157422495
     26.5257247872046094     139.6885473911166571     178.0665727451785472       3.7275260308581863     292.4323258710531945     105.6522557383914460     139.6885473911166571
     45.3644156064301711     140.3249989798373178      79.3244964496949763       5.2210577049603017     286.6481858726062910     105.1628423687298834     139.6885473911166571
     21.5366824605720630     145.0151674642665398      78.7581568308113020       3.8258336491765448     281.2284550906375102     104.0641629414817402     139.6885473911166571
     23.8077865457588018     137.7154842374084751      74.6182703176064024       4.0646163694384967     275.7821205226078973     103.7643122200601482     137.7154842374084751
     42.3079058809403534     140.0488951236754644      72.2720665237231117       1.3295844274237396     270.8421141603774913     103.4883294483482672     137.7154842374084751
      3.0260438700406067     139.8941288463705632      77.2950474201763171       0.4898945373882313     265.8973520982053174     102.6219778422519511     137.7154842374084751
     23.3263393349856329     112.6385549173429013      67.9023237266450366       0.0168742959306698     261.0637207714256647     102.6117878119256517     112.6385549173429013
     33.0033319963738734     114.1320773009880156      58.0402064116170919       4.8562286133731760     257.2401433802462520     102.4424807010036034     112.6385549173429013
     43.8013562154322003      99.4213110767014854      60.4458117441417784       2.0644221271052601     253.4229207488079396     102.0793739601071906      99.4213110767014854
     25.4785813212633236     101.1407224947593306      56.1065974304789279       2.8897611761406523     250.1560238510919589     101.5324565819011440      99.4213110767014854
     18.5950278630246757     101.8441619263659845      61.1056645415507020       1.1360552327335469     246.8496154495838084     101.3129385627087657      99.4213110767014854
     30.0409960588647209     102.9326728122953512     102.5685717397129224       3.4966477024193381     243.5882615212458120     101.2349165293630904      99.4213110767014854
     35.5944259696347345     105.0262935666699349      43.8578435466335108       5.7782845423406144     240.3335534585056621     100.9953094253567514      99.4213110767014854
     22.3121951584649203      97.9871706054274085      52.9914387794308510       1.3491635692319477     237.0374760381142494     100.5751197695396968      97.9871706054274085
     45.5356310299745672      92.4967978810627613      32.6503177231174604       6.0441633420610543     234.0125210268631122     100.3945323502666866      92.4967978810627613
     56.1242521392609817      80.6055125218265829      42.0641864148152038       1.7639127477435039     231.2004325593987915      99.9434802479804176      80.6055125218265829
     42.2704585326664173      82.2106646554818354      51.7884802322975233       1.0167272600322619     228.7883413073523968      99.2867202910608739      80.6055125218265829
     42.2060965773227892      90.7693107242388777      46.7249954539321379       5.7655222845695135     226.3154169869896748      98.8498087519884336      80.6055125218265829
     38.9996661159702143      84.4035828186670898      46.5643188270940485       2.6167989501321216     223.2809369062294991      98.4158125171754534      80.6055125218265829
     29.3376435093267638      80.7698818353497501      47.6349690148283003       1.9990165027104894     220.7939070673799336      98.0510834831282239      80.6055125218265829
     22.6850844687631898      69.0578700686255758      46.5896622572552914       6.2623570787450973     218.4321753829397323      97.8819997234631245      69.0578700686255758
     33.9103851203420348      66.2379836749303621      35.0664132678722140       4.9916259695513219     216.2317740932362824      97.7919450065693354      66.2379836749303621
     18.7946529591505964      66.3888781588982511      37.9684271840121639       5.1038329384949321     214.3778338241462222      97.5932254469913403      66.2379836749303621
     27.8663013831059914      66.1096529282121850      23.7304085688503221       5.1937879958325794     212.5094812069914099      97.5575677582788501      66.1096529282121850
     31.5834858334796245      66.0809923439058196      38.8527491691818199       5.0656638410485613     210.6912166134650590      97.4209135456864459      66.0809923439058196
     37.1534273673630935      61.7584843435488935      36.0506389946120223       0.8193529067887582     208.8810967295258365      97.2893558810190342      61.7584843435488935
     49.0500923668149369      62.2879020671755015      34.9930309964676169       3.0208592272304458     207.2119230230187839      97.1047529006920342      61.7584843435488935
     40.5396887791322058      56.8758516459384182      36.7967163081539610       3.9221225293061224     205.5430873148953310      96.7610372111033001      56.8758516459384182
     14.5810998980718143      55.7473933480856445      33.7145225326416593       0.9599602550536517     204.0306452572340561      96.5459022899804467      55.7473933480856445
     30.8669892128163248      52.4000226474892941      35.6654921898951187       2.7667462779848364     202.5606569732577498      96.4995243187365048      52.4000226474892941
     46.6073680804745223      51.0371495526357961      34.1293369791628010       2.3029459389638731     201.1868262987847800      96.3811542612747161      51.0371495526357961
     24.2182682166169201      50.9874995444571937      31.8965401639896520       2.3746271806724479     199.8593836109722872      96.1586870487675185      50.9874995444571937
     18.9817382994336050      51.3939515847668247      34.1764225715206535       0.3406379650789901     198.5380552896790221      96.0783433777650373      50.9874995444571937
     36.0562808795251115      51.3840970473898437      36.4176521485197995       3.7509844445215066     197.2159386781708008      96.0408108919706223      50.9874995444571937
     19.4178528688207308      51.5015548333690205      31.1283192278437753       0.5737519710476633     195.9017644461772818      95.9002381702310203      50.9874995444571937
     30.4863602521509449      49.7164448405747734      25.0545591676025516       0.8317711889488280     194.5924680403584262      95.8358345183027467      49.7164448405747734
     21.2491596150700168      49.9819371131963379      31.9278239183637993       3.8355394192970351     193.3342322675247260      95.7698044214134114      49.7164448405747734
     40.2659716788898265      49.2988170501138327      30.7655110884054181       2.2867117517874220     192.0675938622722185      95.7036859299279001      49.2988170501138327
     46.8292554308615152      48.0523949692536334      51.2173762939890054       0.4813993429509580     190.8321102902731639      95.5437947602690656      48.0523949692536334
     45.4852591697505133      49.0619266195446571      29.6586284288840218       3.3830090748436277     189.6456809164664037      95.3647263028329633      48.0523949692536334
     37.8831720462430113      48.0815705870156194      30.0154226238332775       5.2461257556763741     188.2450931608937310      95.1324489415183479      48.0523949692536334
      1.5172639680364008      47.7272405070136898      29.6274225317268325       3.2812695364703330     187.0736909221379278      95.0165952468695281      47.7272405070136898
     42.5770812702302450      47.3300752984541901      37.1259355934275703       1.9999245900092291     185.9203863671294528      95.0130582486711575      47.3300752984541901
     31.2098157545243851      47.1088730634646353      28.3771621089956980       0.7576409448614001     184.7653789311069374      94.8650880304981285      47.1088730634646353
     32.6627280040924859      47.6279111376497539      23.8971115426295668       0.9043136647763319     183.6316291713385453      94.7859133371389078      47.1088730634646353
     31.6817189931801622      46.0131513358917843      28.4418382692596907       4.4646401210396078     182.4655794876096877      94.7189024540909941      46.0131513358917843
     30.0505385036124828      47.7062810630443437      80.6382451717991131       6.1159945622399192     181.3654387941406583      94.6288724363452332      46.0131513358917843
     20.5489186068171961      47.0076201345450428      65.6181334438051493       0.7424203103385523     180.0731267453269879      94.5357790915241196      46.0131513358917843
      0.1835938425677322      45.8460278791600828      29.9099068706356199       3.5272007813669433     178.4833998269654387      94.4565429513364592      45.8460278791600828
     25.7806608062192133      42.6996792412255033      29.5649455473356184       0.7444697559788480     177.4254445595744016      94.4370198978093072      42.6996792412255033
     30.5556564866389593      41.7433096934861965      27.8428889842082228       4.3584480570337263     176.3544291654475558      94.3791534899187070      41.7433096934861965
      1.4271412843163200      41.5188601092880916      25.2327043212405187       3.1971062756149848     175.3488433822749926      94.3283933154304464      41.5188601092880916
     55.7458215501926730      41.2443150395894804      29.0920538049231290       3.8650447354360011     174.4029340907576398      94.3268661726338280      41.2443150395894804
     55.9517860115086236      48.4209604803137452      28.6923914958568886       2.5397749144524795     173.4666647611198869      94.1313469180360585      41.2443150395894804
     16.0311296700952930      42.0502855747292656      26.3277849620961781       1.8810478895159548     172.3673639106089581      93.9048672944393559      41.2443150395894804
     28.4502661594036361      41.9785487189327569      21.6918414300915501       2.7186028600611252     171.4306637799772659      93.8717872146048080      41.2443150395894804
     30.3612980618454351      41.7120804572685984      26.1766349771092131       3.0427451393391465     170.4986733396075351      93.8180957655924601      41.2443150395894804
      1.6725147042627784      41.8196854299581489      28.2505367663635170       1.3847790847014920     169.5133995080268221      93.7705117056177357      41.2443150395894804
     32.7251398211879305      41.7818535995374347      32.4771338679418022       4.2732491683621419     168.5757957631138879      93.7817962264530252      41.2443150395894804
     28.1057631806586770      40.9275347850840561      25.3286082323479000       1.5676324250655824     167.5232388510970338      93.7267405213478497      40.9275347850840561
     47.2717167236201945      40.1763260062362306      22.8571957176773637       2.9635192964399693     166.6292139699330335      93.6678615506899916      40.1763260062362306
     52.4923328656857890      38.4073932915260201      25.4882493487235671       4.6010681695827742     165.7613441203561138      93.5228664689198581      38.4073932915260201
     27.5124317954257265      38.3642468393368432      22.6446919757880067       5.0204256219343080     164.9391827289660455      93.3789796572549022      38.3642468393368432
     53.8459967669281738      38.3118532892705943      22.4354301830110821       3.6322377463277888     164.1157611748862166      93.3423285929024615      38.3118532892705943
     43.1560010940035781      38.0098688135461487      22.0581978093922437       3.1802080258551513     163.3037047854047330      93.1838802821421552      38.0098688135461487
     29.5362269022010118      37.3599240689913188      24.1165331738780928       3.9257166257068974     162.4998956588533190      93.1032843660298539      37.3599240689913188
     35.3776939096541838      37.4883307283382052      26.3108032081514160       5.9891240992779586     161.6600771768172251      93.0482493195412843      37.3599240689913188
     35.2195518185633816      38.8603099461628219      24.0659287161645281       0.3137372532021843     160.7613705545230687      92.9762913646417530      37.3599240689913188
     26.2815430025738159      35.5663206724060430      21.4724747599057260       3.1967945708368433     159.9155699153405692      92.8971912770362991      35.5663206724060430
     49.2454064029455409      35.3545628113694264      18.4765103194333307       2.8646502440736157     159.1687607613631599      92.8645078190750297      35.3545628113694264
     35.6219119006254061      34.3491125078236763      32.9119250406935535       6.1519072224815119     158.4349628425392496      92.7365168678663707      34.3491125078236763
     22.0388848857626591      34.6741582512979747      22.5831867545604581       2.6480100260871922     157.6050826095495552      92.6698514703639233      34.3491125078236763
     48.8279968331574921      33.7048781572779674      19.7656940170732192       3.1451576088496012     156.8797834265247388      92.6435215102966794      33.7048781572779674
     39.2740747766355938      33.6795343072351159      19.4518701785918857       5.9214747594285910     156.1897926229073903      92.5262295937301786      33.6795343072351159
      0.2536586831890948      33.8795824659308025      22.8522589521857675       1.4596558144697127     155.5046987497138957      92.4844705143469810      33.6795343072351159
     39.5986599679946281      32.4352861312015648      18.0371240159108375       0.6609605408250943     154.8034988999460779      92.4747616939877446      32.4352861312015648
     48.0935273219027550      31.3612658833469737      20.4386897130111436       4.2540304666675155     154.1529368016259696      92.4055099265382154      31.3612658833469737
     58.9795338807690257      31.6240533122762955      17.4414573713276972       1.7708592519177699     153.5279317705953019      92.3132563819551990      31.3612658833469737
     34.3308400145683166      31.0750620359611140      17.1202739608104828       2.2745174825670773     152.9012895474889433      92.1913284682666188      31.0750620359611140
      4.9265381014625298      30.9086032411130454      21.0087333399183613       1.2127704606084961     152.2840289539873879      92.1343653423810451      30.9086032411130454
     23.2814200835611373      30.4987097644503180      23.1849356418765780       5.3291771007837525     151.6738397635564866      92.1392075386866907      30.4987097644503180
     16.4018259902539967      28.9664480841123684      47.1000394167827352       5.6015691910482275     150.9596559802055822      92.1085952165789053      28.9664480841123684
     34.1176753770634988      28.4186589347887626      17.6191697226939112       1.8205810001366416     150.3924717695555842      92.0968607742971841      28.4186589347887626
     18.2065260684102803      27.6415883040033883      18.6788142833249360       1.4764168535896687     149.8255359063633136      92.0531206859945996      27.6415883040033883
     14.3320340013386485      25.2848652135892209      16.5056784901469769       4.9658210746186597     149.2887790588211487      92.0472044448150797      25.2848652135892209
     38.7247283902864154      25.4915239291974594      38.2468458288656095       3.5916971279132639     148.8008450561638369      92.0341451512834254      25.2848652135892209
     28.2457377592944390      25.2937403453019805      19.7344405291518861       0.7034430778097018     148.1771540370824027      91.9774386594395708      25.2848652135892209
     27.8134754746885022      28.3357191130190209      19.8225967461652601       5.7722108041251232     147.6722327451358296      91.9493335319380520      25.2848652135892209
     39.8246068007436946      25.3976886865834039      20.6610016560266665       2.7988143162277055     147.0832059868914996      91.9012463639436703      25.2848652135892209
     49.5570711704226738      24.8767624371782503      16.2759398026188435       5.8914886592736622     146.5916253631876316      91.8501470002769906      24.8767624371782503
     30.6270582445119395      24.7115198144690424      16.1260758321640907       4.1040642664359410     146.1192592658469493      91.7743951359708348      24.7115198144690424
     45.6311950145436853      24.2682972472405183      16.9758336301974069       4.9962939149903178     145.5936443685015149      91.7438174161452054      24.2682972472405183
     24.6604271969513213      24.2022499841885477      17.7072800758327986       0.4319411216804880     145.1137852943563189      91.6879545654343673      24.2022499841885477
     24.3802881459515994      24.2746773319285261      17.4997227661206765       3.5684752513537177     144.6561789830969644      91.6567206771564855      24.2022499841885477
     45.1182222079995583      23.6726778296951110      15.4034437746803103       5.2992354682840670     144.1960177439513870      91.6436562630191531      23.6726778296951110
     13.5057957719701118      22.1658669265183121      15.7712083508907490       4.0898910185845097     143.7502509309738628      91.5944562361387540      22.1658669265183121
     48.4789472345129795      21.4559652550628499      16.6996502487798395       5.0514178506176250     143.3388252202484807      91.5867213388598884      21.4559652550628499
     38.6555294770478071      21.2982521973922907      17.5665783518272036       2.5824296977428247     142.9392904952294998      91.5146865802160363      21.2982521973922907
     11.3037571215566341      21.1393176683098787      14.6512851092893062       2.0228013448343489     142.4948405402204514      91.4759454700090657      21.1393176683098787
     41.1478907594688650      20.9266007655743138      12.2401698396608420       4.0413808993819629     142.1058697321069531      91.4717934580089462      20.9266007655743138
     48.9453816897664353      20.6006904632086538      11.9930605033441839       1.6728450207286159     141.7203546268453920      91.4315343593722929      20.6006904632086538
     56.0978894438628686      20.4240875293866395      22.9179612203217324       1.4341169844977202     141.3290762806679766      91.3664012728820722      20.4240875293866395
     18.8527648323646737      20.0688826848224480      16.1914363179159011       4.8176608552369800     140.8269235248695566      91.2874165645744853      20.0688826848224480
     24.1381119671392561      20.0130852453214594      14.7498160768991227       6.0117346613165665     140.4139765204818673      91.2635884137863655      20.0130852453214594
     33.8867506557822935      20.0870459355361959      22.8321446619705100       1.9064079939983429     140.0388831810707018      91.2418235907729382      20.0130852453214594
     36.5187596873705260      19.9958686370778587      13.0306336507825193       3.2969555442162317     139.5316439810966358      91.2054402446782433      19.9958686370778587
     53.2744666255005583      20.0045205437555147      20.1703768548937781       5.1953372892069893     139.1701032239174936      91.1849004884598884      19.9958686370778587
     52.2535936260455571      19.9218542541757238       9.8110811730826395       2.2433786502936499     138.8103693690789271      91.1296501371274843      19.9218542541757238
      0.9536259800031764      19.9104434977096396      22.0505841589857106       2.8688387325749289     138.4526956128837583      91.0740730675127992      19.9104434977096396
     52.1615539389676002      19.6759530015846025      18.2183413456499181       2.4337495994462159     138.0960949376704434      91.0682770920457472      19.6759530015846025
     38.5401754519172144      19.7096834543859707      14.6627990971822886       0.7215911584301509     137.7415665464687606      90.9904086209223379      19.6759530015846025
      0.3990284277259433      19.7025536455852723      16.7750001608634243       2.6666169406369562     137.3743440253746826      90.9478865266339653      19.6759530015846025
     36.0837254355790265      19.2348985043053951      21.4208433011326669       5.5548368464418019     137.0127786905574965      90.9417974954893964      19.2348985043053951
     20.2139732778779226      19.2731552251964295      14.5869562882595840       3.5816214517747511     136.6280098473148144      90.9228878684633770      19.2348985043053951
     40.3916965029051056      18.9326704044452185      16.2302959774642730       4.0758245666568627     136.2799974747613305      90.9174344533906549      18.9326704044452185
     40.7573218245246380      19.0418861608558636      13.6794504831846222       1.2604580645695904     135.9311342165691201      90.8927893071569741      18.9326704044452185
     16.2484548847770363      18.9667753409219166      13.4377597015691279       3.1785357915853609     135.5808355173069231      90.8554176766720190      18.9326704044452185
     21.6488570673440428      18.7902311699760673      20.6526427213118176       1.9425059449988993     135.2397615703497991      90.8451525017405714      18.7902311699760673
      1.3346407834193299      18.9443904597674830      18.5906960079085302       1.9159600062269391     134.7873044355184220      90.8239119894532791      18.7902311699760673
      1.2738999444324239      19.6956140289171060      15.9388528546398707       1.4683189506816205     134.4469586378673966      90.8211919991087200      18.7902311699760673
      0.8792907361502330      19.4978977211825324      25.5995914908061728       3.9222054220083891     134.0661319917306571      90.8140694713905532      18.7902311699760673
     45.8275653907195917      18.8943211924903025      10.6356437294907895       1.8114368410445394     133.6909947753485710      90.8068900071226892      18.7902311699760673
     30.8518855082414376      18.9364184807035798      23.5493052141999577       1.3792436797651106     133.3582528368525857      90.7593046969622890      18.7902311699760673
     49.7951432576147894      18.9080516983365428      13.9979454835254185       4.0809402747020584     132.9615797007140543      90.7399614813820676      18.7902311699760673
      2.7339176910085050      18.7421117642719715      19.8106694835940154       2.2755460934807132     132.6353615179244514      90.6962086310521016      18.7421117642719715
     25.3292711103500814      18.6460824509547614      13.9070139418331884       3.1857368496187490     132.3112972837413679      90.6916180366649769      18.6460824509547614
     22.4764115222346099      18.6890092656020848      13.7123929220896201       5.9572230969404956     131.9599035183394165      90.6795025328193276      18.6460824509547614
     27.1610964246156890      18.1857991032267066      14.6060009849971681       5.9547467696155110     131.6263818795389966      90.6739280900360853      18.1857991032267066
      1.8402052907311512      17.3998395359796731      17.5048410643031254       0.4610780792048033     131.3146092882630001      90.6493589466588645      17.3998395359796731
     59.2779830097901268      17.1188952150358666      11.4540771830347907       5.6913288667181661     131.0175328154222996      90.6512804105803696      17.1188952150358666
     39.8806293654373221      16.8977594771224062      14.8805136102558908       5.3023243344117219     130.7261157429278171      90.5900371435339338      16.8977594771224062
     51.2144348827819655      16.5198411198575990      11.8157691920090357       1.6020136290592717     130.4086151084246978      90.5561604365481685      16.5198411198575990
     55.5423556965503238      16.5799623063907688      12.3676002647653096       3.3703558801264961     130.1303871353787542      90.5180473617135704      16.5198411198575990
     57.6594260287979665      16.6273135247825508      11.9124129087164334       1.3435518467579612     129.8481604467118871      90.4712419357757369      16.5198411198575990
     24.7782267385063300      16.6714604556427304      10.5901899694889501       1.5496104649048874     129.5694759118388504      90.4201826275901084      16.5198411198575990
     52.5136896948029417      16.5636347212459825      16.8343081913822310       0.5017735901731655     129.2877584567775955      90.4100897553950773      16.5198411198575990
     34.8785511950412044      16.6313317235660030      12.4323791527822447       0.7228872737708159     128.9845296186656185      90.3619570661309268      16.5198411198575990
     43.1112650642875650      16.4791862809454166       9.7957534477399157       2.0708494067205692     128.7034476250063051      90.3441234562648816      16.4791862809454166
     27.4182553704011056      16.4129216448473692      13.1028856871479817       5.4745992465953606     128.4159715255812273      90.3123524575098031      16.4129216448473692
      1.1992157408983435      16.2658530378289470      44.0532540820414411       4.3918505618496937     128.1404307274951861      90.3007407518604452      16.2658530378289470
     10.9256771740316623      15.8166574454105522      11.4480401057483476       0.3697393379355205     127.8570648613791860      90.2969212152915901      15.9545897701910029
     57.1182870280246462      15.8468839291295662      13.3473292426163255       5.1330197130058224     127.5951661840880718      90.2975624188952253      15.6535597745270216
     18.4359970680360590      15.6212996898942702      11.7382986977019304       1.1452560158016283     127.3338491287140783      90.2560625562129246      15.3525297788630404
     41.1157792219847451      15.5833687421586671      15.5671097774586560       5.1251279173496442     127.0721399996795782      90.2507598261402819      15.1764385198073590
     62.9572973929400774      15.6510756089390703      12.0449069790022616       4.5332724359525827     126.7655657158116043      90.2228377381514406      15.0514997831990591
     52.3838358090501686      15.1280804150431862      10.8912451352962982       4.9617795469442427     126.5095393089263069      90.1621547281785070      14.7784985111353215
     40.2810337565579388      15.1598925690660629      20.1250062639402394       3.2924226346133736     126.2514240656253293      90.1233177170669677      14.6323704754570834
     29.0003166639335426      15.2235071113341451      11.7580823947333464       6.0682188703409139     125.9430951036980417      90.0971242115456477      14.5396164222201847
     49.3676762158800742      15.1523554872662523      22.9863980453860925       3.4497169695153360     125.6929957204958725      90.0857465819155721      14.4494397918710966
     20.7076142872369502      15.1937162579926550      10.4074019285245303       5.4187287612779329     125.4374958188730318      90.0544864838027053      14.3748061735741928
      3.6423322053841236      15.2328439129854747      11.1204819417087197       2.6129101296449306     125.1822518350984268      90.0474110114336099      14.3211213146114176
     19.6473144079018880      14.8738490638688958      10.5046545933935693       1.6814476783750223     124.9348454711815037      90.0471833639045656      14.2142270806967588
      0.0958738409739598      14.9313834609739562      11.8534081467908994       4.9264443905494346     124.6920478784230824      90.0408624252004870      14.1350458346491354
     33.5909843118453253      14.9138664479721381      11.6720382095118467       2.5513017979740624     124.4259275297274030      90.0454497134897593      14.0680990450185206
     32.6374107956567272      15.4448783686372071      22.5812145385385996       3.6658675171259318     124.1815898768378474      90.0365509446518928      14.0514997831990591
     41.7441538662119953      14.7918217820348517      11.3936598108911724       5.1424143079978677     123.7683741697174185      90.0143887965851235      13.9768661649021553
      7.7648003724693986      14.7372622561023299      10.5076139246746241       2.7214464546616881     123.5181389800843590      89.9951282160997152      13.9092667914043453
     43.8469094545557070      14.6949262468998878      11.5685961748974382       2.3733409428516978     123.2830149282103633      89.9982477215596219      13.8440000598917550
     34.2644614991986387      14.4601195443567718      11.5953943771739318       3.3689562981074204     123.0090065977963576      89.9774931090726540      13.7504697875350779
     42.5984041861376568      14.3618584709093025      19.9739090719860783       4.1950791584734333     122.7434161723379589      89.9563722696736932      13.6557366937812965
     56.0246632159888520      14.2277266847775294      13.6491193428200557       5.8120206925867279     122.4675547379948881      89.9316033559979218      13.5531892294094600
     19.2475582332263571      14.2492997781523041      10.7396930992406663       6.2384325325452465     122.1698826363412707      89.8778017545077148      13.4731471416886990
     28.7393553736022973      14.1756529896744059      10.5434679798813473       1.0469114757818758     121.9423504835522181      89.8696535493137674      13.3946831451548913
      3.4784401481566931      14.2436502120084025      12.7991175942171971       3.4799761684428603     121.7156319266717617      89.8656955814954870      13.3375894290701051
     24.9685459611046561      14.1025520350926445       9.8895564608968272       2.3860013058349949     121.4901209797260719      89.8627019501179802      13.2688480315887389
      0.6605150398547958      14.1668082838827480      15.2226853721710604       0.5261364791916137     121.2612023458937500      89.8567139887770452      13.2173971274862669
      2.6519238295898893      14.3011252132575795      19.6095895499350767       2.4939914162553549     121.0355281516453800      89.8582324227490830      13.1830022893097478
     55.7024336715913577      13.8159349839195116      12.4561887094886306       4.9459936137630649     120.8094116101127611      89.8594046880510859      13.0918622418730290
     45.2178821377452209      13.6168185774044037      13.8745044927405274       0.9594166386034928     120.5643932322398229      89.8237025063671126      12.9782397911877307
      1.5720633457009459      13.3278835165394796      15.3169579777300733       5.9718262501351802     120.3217994259975399      89.8045623126105994      12.8178692030345971
      4.5834350166465212      13.4752689539755348       9.3668484839866082       1.6119498114551760     120.0806726461198508      89.7986500289199938      12.7313534970880049
      1.7104710240719316      13.5410545708742820      13.3663119081152182       4.3062750955271412     119.8703790037507986      89.7943659238444383      12.6688074964116080
     21.0902309704314064      13.5030466153442337      10.6427244058583295       2.8225849963549052     119.6288421757842571      89.7963508190631359      12.6094121536483001
     28.0226338174112080      12.8609855350318334      10.0816594653929315       4.6108954992144362     119.4142691275437187      89.7911582708363341      12.4161417184807856
     26.0508985558154791      12.8557557733935592       9.9772525931100766       1.4409247215792647     119.2026475798557499      89.7849497022987038      12.2814766659527699
     56.4288434797072895      12.7058799585160891       9.5356140606260027       5.2339841732949282     118.9998432262548249      89.7712401895949199      12.1427467640145252
     62.6288563160923957      12.5245719869314538       9.5163526180185034       2.6650590421107125     118.7998205747675229      89.7375279966550892      11.9919363652977928
     46.1613417872703451      12.3218505422534648       9.2037867667104631       6.2539727593735535     118.6074482792130453      89.6972679435363034      11.8252544172745147
      2.1960543723737969      12.2019556667943991       6.9185477425003183       0.6937998386368278     118.4169095837415000      89.6741534787238948      11.6729429123234887
      2.4353828246395923      12.3750536890940559      13.4823600551091278       1.2182970577180612     118.2275334120743082      89.6747858017548651      11.5942804258489449
     55.2934931148780819      12.0121890687531057       9.6747068930976123       0.0317993699666701     118.0332755090394983      89.6742471036195639      11.4537634728493032
     66.5269522247281770      12.0499094211784694       9.3555290799569732       0.8487978928699746     117.8492985160530253      89.6452331768409891      11.3556680103723675
      1.2058776774867714      11.9623619696442205      38.9499024705478263       5.2413031870085689     117.6661233253613119      89.6125247228485620      11.2596776028624337
      4.7658145364308124      11.9896298534873562      10.9825446199596897       4.5928951887820375     117.3957182353035336      89.6142542040769143      11.1855079830727853
     59.4476427625800099      11.5099122051463443       9.0723503450916603       1.4270081893321702     117.2122281434453726      89.6099553311034782      11.0170668632547830
     25.6518579150977502      11.2659329333370657      10.0995058119264201       1.0608637462522026     117.0371527868303900      89.5882011261260516      10.8228813053372281
     30.1304027227652824      11.3318155901535551       8.5419957573978671       0.7413061910868279     116.8342083748061242      89.5873554942079977      10.7056802228874872
     36.3040936480702854      11.2379974853665185       8.7911482295867422       1.9552647260264138     116.6475635471905150      89.5789443061504045      10.5938960299082954
     34.5618005566011419      10.9875361725192082       8.5054879536998023       2.2743403975166956     116.4712546726561015      89.5672326955717324      10.4465356788653416
     52.1044015536382616      10.9928621978027774      12.9177091389573633       2.6587558447557029     116.3009223704233364      89.5562678522874762      10.3378916521038065
     52.3511892493826778      10.9458753040044616      12.0363236262849842       1.3255364852505380     116.1041739363859477      89.5281810947111012      10.2421597963480373
     21.7615785412130869      10.8256815464361278      11.1694823706150803       6.0848051137196109     115.8718818791191296      89.4973622314549146      10.1414780196990986
     31.6220230159486917      10.7782877876825065      10.6178942690736413       2.3129282582797686     115.6698758710052886      89.4938568606207241      10.0512989684360150
     24.7054674428765324      10.7979892456047644      10.6370325297348156       0.8051779178297735     115.4737286701525676      89.4892850127003072       9.9797157792429285
      4.0240659939837480      10.8266239571263672       8.1715839949769382       1.4965342130292782     115.2762064659774950      89.4796224329357557       9.9219496577245803
     48.9741082446933760      10.5866178261871955      14.1737390007198485       4.4580490916908246     115.1136770415937889      89.4770220533687279       9.8368598895901851
      4.2211902448061904      10.6167675426710240       7.8640265066141115       0.8103422732840997     114.8602400954164580      89.4385221250962132       9.7701635386588741
     32.5028526299455294      10.4204892143979464       9.1274382024573253       0.9376612630533643     114.6995370989557301      89.4352490571454553       9.6824869687963435
     33.0450735790255266      10.4136770726194090       9.9225534983470016       4.7201501950679159     114.5344268825818119      89.4301091754082051       9.6085125233059614
      3.5672393975137924      10.0191560919193332       8.3109207881011926       3.9887026049785135     114.3552338849828374      89.4148263885496561       9.4659763111306354
      3.4193861790713842      10.2029644768489121       8.6659211364899793       5.8968568670660062     114.2026558389740387      89.4141137833370863       9.3929047482578376
      3.2593874653224062      10.8035772669329333       8.8760390506835147       5.3354703975649755     114.0308074845273865      89.4152388884784841       9.3763543323385345
      2.3423299394963357      10.6899942790807163       8.8579604661616926       5.1724783796792764     113.8636717896356743      89.4154556186242928       9.3557572581341439
     19.8077042547289750      10.0937454246944895       7.8817155972582311       1.1711918863677937     113.6985929072172752      89.4114368593861855       9.2828404116608212
     23.0268058708112662      10.0586377119299648       8.3516677827114361       5.8365449481260185     113.5488996175615313      89.4107390368225197       9.2155565543563220
     69.9825996122682596       9.9752673925489930       8.1495081753565852       3.9898351595677894     113.3984674590063264      89.4041329998991898       9.1459269743734311
      6.8620282011740557       9.9910301075001744       6.9481651400292748       4.9377600189166770     113.2525791464012173      89.3683410707207457       9.0879356515092216
     42.3826906968158141       9.8283550264795707       7.9598779694960697       3.0417331979900126     113.1063127143048206      89.3666087188555451       9.0153937129605310
     45.7639268209524488       9.9728840587532375      10.5910769286369995       1.9209299808847362     112.9382064691159684      89.3498142320534328       8.9699599034514321
     30.4543052996424493       9.7830685430779489      16.7502745067157797       4.5284817981940222     112.7667011748665544      89.3410457384881767       8.9078380460006379
     16.4101994008596890       9.8635838594565381      36.3956660799336120       3.1605571431048674     112.5244549507900729      89.3229827868056958       8.8622306384058209
      2.5106707499827992       9.8983817512718915      11.3036209542010582       3.0245797669979737     112.3368894952475188      89.3168790489038855       8.8240028657147249
     59.6641124056446159       9.8358344686215009       9.7280042615465003       0.7562225632812485     112.1813931500488195      89.3147950872514400       8.7836725596481386
     59.7247075227475293      10.7554561382199605       8.5387400687379458       0.3978831018997013     112.0355265479316103      89.2935665295093912       8.7790626495214585
     32.4166138518450353       9.8842293278063664       8.1450891584439358       2.6977655476714943     111.8573952192378300      89.2654384495547788       8.7462451464205841
     13.1122697969520932       9.6631055164537276       7.8215822044338417       0.7245142712002277     111.7044875054294835      89.2540136653721703       8.6966012772547945
     39.1940215342535936       9.5235999530166087       8.1094960518969188       3.2036183360672084     111.5644643410340677      89.2516285154713245       8.6363052310612254
      8.3190305208922339       9.5307873923938278       7.8102244296356593       4.3960703235409682     111.4240436253920592      89.2480802118278973       8.5841878127633695
     55.6164556500190344       9.4300735774331841       8.0304415977130130       1.9516846136669272     111.2867780488861769      89.2462404634710254       8.5262942521279435
     24.3171872971265195       9.4432864347376597       9.1517986831752172       6.2505019097203132     111.1437281217343696      89.2264067515017558       8.4766646280729852
     41.4924527100878535       9.3249345935141008       8.3926142024438004       2.1575167368412593     110.9888401186128561      89.2260802723068593       8.4190679015280896
     31.4636467789096095       9.3227885058107045       8.1372294858265057       0.3034582376806654     110.8531420218220376      89.2125191851689294       8.3679853978564687
     57.0373739961944111       9.1540072023232941       5.8544077407339783       0.0106416769070208     110.7134931184864968      89.2034370393362650       8.3021542766200138
     21.2871640572386305       9.0835956319232700       8.1113727379234373       6.0915190890569448     110.5756744781749745      89.1848452049488145       8.2356759794823393
      1.7718796054181036       8.9815131655483604      14.3591040958773650       5.2094642302248104     110.4408190779348757      89.1827339472868061       8.1639630626533091
     60.5653284257128632       8.7412644885334494       7.7715471786842212       4.9229771442099519     110.2679736786543288      89.1805382527767279       8.0619871342072162
     59.2131858660235366       8.8658753845065998       7.6860060305821181       3.1598182169894216     110.1431625944013177      89.1578147604905809       7.9986249870139430
     62.5227866859106314       8.8950374544254878       7.9051383779531248       2.1142991781946847     110.0036160307944044      89.1345632355545803       7.9467254266432610
     20.3119549057167994       8.8002599913051807       7.6617948138731400       3.0710875587886193     109.8755151529458374      89.1115053277784170       7.8897791273068636
     42.1802754442948782       8.6618494064312888      17.6042219306655170       2.1899646608638221     109.7490592863575785      89.1079585599830750       7.8219583959237031
     49.2166737998606720       8.7047695685089259      11.5316567243962638       6.0188955869139846     109.5461418324167084      89.0957292080390459       7.7685053408935039
     62.3905960816386909       8.6661217925550176       7.1323546192225669       2.1886381171191687     109.4026728703240394      89.0789768613980044       7.7167412306285046
     53.7589574002702975       8.6488018275960084       8.1872772544803798       1.3829171841628494     109.2766035677535825      89.0591304019334729       7.6687138666773409
     34.4569219679962231       8.6366890872734263       7.7994813756675816       2.7466880670456675     109.1522826242628241      89.0424041362597620       7.6243102714155730
     46.7241890725234796       8.5990912230329855       8.4214861300184438       1.3224573720492998     109.0239784561825616      89.0321733255381815       7.5805634659987966
     15.3656381528936183       8.6017699830366414       6.9619918397650356       1.3211124262145830     108.8980422903718335      89.0202314208214318       7.5410564235356530
     24.4969401790601218       8.5933672479797849       8.3713065707027159       5.1050213063038683     108.7767348035310562      89.0183862927872127       7.5041672990158963
     29.2261779436801348       8.6256385175272392       8.0525045626719471       0.7135790704726830     108.6397097383706978      89.0073553392452084       7.4725160159183073
     32.2592000189990102       8.3211076662046466       7.5241685096583311       3.1565685254229692     108.5110625768245995      89.0038021590522561       7.4149592380998337
     36.1369961906426909       8.4288390102258042       9.9861802828351269       1.7120590568650158     108.3876197899206915      88.9997336454561321       7.3748101805307140
      0.7321685595993646       8.3373844138192421      13.3149270671075417       0.4042434037740392     108.2292679672270737      88.9859092372818878       7.3298787084231556
     33.5060834321242851       8.2866020522928050       7.2592855527299811       3.2307858057377388     108.0955232959787224      88.9869194320665429       7.2843686661116580
     45.6544670763572711       8.3391288254275207      14.8837012907822928       1.9523259223918075     107.9767420054250238      88.9771698930697141       7.2476784815339865
      5.9517049113317801       8.0914608379802324       7.7626175363424430       0.7854789467331145     107.8383959645404104      88.9679620544641381       7.1895218590914771
      4.6582775874206899       8.0861768121556512       8.9468575142154645       4.6539319848655367     107.7236602803110088      88.9658123251423660       7.1376496091619188
     11.0238755449123929       8.0605239762483460       6.7897553182983863       5.2324487721974293     107.6001224077996454      88.9650617910511130       7.0886513693957998
     52.2909024846982007       7.6995722635485500       9.6988332680045310       5.7335314759018985     107.4862247318334880      88.9632308619060836       6.9934991399685904
      4.3985333463052028       7.6841694253868411       6.4491137663700568       5.1494406813702227     107.3406218696352710      88.9464567162259669       6.9129235530326714
     36.8507122206518716       7.6112904917704194       6.8667659323435677       1.3641733858515153     107.2315128549828103      88.9451928193047650       6.8336417468791693
     52.8866375274359228       7.5679347241015078       7.0923718546314491       2.1555670268847251     107.1244561565399636      88.9380416441876633       6.7601517484635005
     69.2937305418208638       7.4855266083001970       6.6575821512032212       5.4475504488994630     107.0179903255646963      88.9240355060889840       6.6852613378148256
      0.8078086005961517       7.4867262757505930      12.5775714036878394       5.2842494576528480     106.9144513581927498      88.9022075504788063       6.6215694380009706
      2.7927662318731561       7.4334660127913024      17.0395369593138355       4.3145309274571417     106.7911431342469228      88.9017836675796644       6.5592858365817746
      2.5833097774449207       8.3196429041686528      14.8113095782673003       4.7394978312898530     106.6667608995832097      88.9000958203257596       6.5518095895796256
      2.8707469392510570       8.5136394775179003      15.5452125778180648       4.9936952806513801     106.5208850603364539      88.8966722025081424       6.5470933696222824
     62.0701241088603766       7.3278748214440483       6.6320910005179616       0.7513759524538770     106.3746432843925902      88.8912745484617375       6.4805213667270651
     39.9765274237079922       7.3276788568091424       7.9395677211942850       5.2048650437112229     106.2736131398491608      88.8743327880107898       6.4227863354663253
     40.0320686119690023       8.8481803840167537       8.9198442906612456       3.4763020951125299     106.1700700337931949      88.8699449292245163       6.4211586293953866
     41.9518480221291696       7.5359640256315510      11.8332895447784932       5.6775043953874302     106.0240004813851584      88.8581592655800421       6.3890354756162884
     46.8182188082260851       7.2308571030164259      30.7671237153464006       3.3172269993286108     105.8914942606495657      88.8467307613371702       6.3306326450861166
     53.9550227101642221       7.2508222702536616       7.3433646431500055       3.7198467133624007     105.7497388176444417      88.8375174161325418       6.2813471938686707
     58.1614348108920893       7.2164293277654874       6.4240873759198269       5.7433935335919415     105.6474075941021766      88.8267392313412927       6.2336351993442802
     46.9580124788042426       7.1405776508263825       6.4654421945354734       0.9694151161914348     105.5480728182242274      88.8128158047468190       6.1829090727497258
     48.4177038767578765       7.1352593644225095       7.2165345191978085       5.1030759706821556     105.4461994257077038      88.8012789211356903       6.1369620176188340
     51.1195799110697706       7.0933689126244444       6.3889836546108398       2.5373606241831084     105.3385131098648628      88.7869437822233323       6.0914205123857617
      6.5629081352996481       6.9954325859867605       6.3357528331013286       6.0450597045542764     105.2404709903565703      88.7791765702091311       6.0403703863849492
     59.0811128349308277       6.9670107271597086       5.6843545344729982       5.0873798708974647     105.1448277270915668      88.7758785389270884       5.9917724275476392
      1.0995964677399284       6.9104214959302634      10.3764960151337036       0.8943746006373701     105.0441201827787268      88.7569073153518957       5.9423214670375542
      9.7723438326477403       6.9342343759460023       5.8632150268733660       2.4771202017494005     104.9341546331101256      88.7556274747155527       5.9001873831535052
     16.1634457220010503       6.9011862184243498       6.7318491207985955       3.7131061248713166     104.8386881213902626      88.7549990763218375       5.8588854559057673
     43.2923556219602261       6.7938439319344797       6.4382156236423587       0.7582860038476653     104.7349411096818130      88.7546093403009735       5.8111606331899504
     60.4728405724749436       6.7015123385175590       6.0488156384041458       1.4328592929071391     104.6368663367243101      88.7472225195602675       5.7585742310846344
      0.2131613409555103       6.6949584724696436       9.9512529789209268       5.2720821489177325     104.5452743786083687      88.7328139255960480       5.7109975827041861
     37.2133888107439077       6.6081836775220646       6.8038796056678432       4.3020732259085861     104.4404560121708698      88.7316076139537415       5.6591851898577721
     41.0648706974919762       6.6274310666635641       7.6435047609496012       6.2067082580375228     104.3402967423363350      88.7291170885510354       5.6148079838232841
     51.9604499449587323       6.6411220923309928       8.4178477371557374       4.6505656712745775     104.2325230464320782      88.7219804584669873       5.5757427759436569
     45.5494306988167352       6.6033458323272933      24.4738609888344030       1.2720688335378298     104.1356479139218152      88.7131645640406390       5.5367883067512507
     46.3033250747264375       6.8128774162091394       6.4329915454407303       2.6264357537786935     103.9919807741988791      88.7022228945302800       5.5143783619516267
      5.6542977473710243       6.6312014461381077       7.8041023646628460       3.5541312461194110     103.8945954938923677      88.6943395264409276       5.4823988359788078
     27.8908940690520701       6.5628854411025932      25.0575074211061413       3.7519749481928528     103.8032680707432291      88.6924403829584236       5.4477371124770446
     57.1654429011164211       6.5791974906392809       7.5785389507665641       2.0724302886649610     103.6432412978429056      88.6865797956660629       5.4167805887766045
     51.9029352497891168       6.5315950732649970       6.9487079052325811       2.2573907377794029     103.5302698099873737      88.6716180504884903       5.3846581898058696
     50.8784352968880569       6.6577082384593131       6.0294639751326482       2.6654425472427619     103.4285711866782691      88.6590584541909266       5.3620949221573442
     15.0513830231155481       6.5611361033417790       5.8475140488238857       3.1414002712465816     103.3378271336234349      88.6503325089980478       5.3354656928434689
      6.7251433239391600       6.4357860453487872      14.2629084314406409       2.1359801106357708     103.2490851299689467      88.6480512827510410       5.3022937862655599
     53.3426544723814686       6.3070614099009523       6.8829689559702532       0.1699485940137535     103.1604264813000924      88.6450246327176217       5.2613325600411871
     50.5735933581990693       6.2726084089803615       5.6842637670147056       5.3969804033598194     103.0749659857558385      88.6337212809310984       5.2209531510419369
     54.4952084987092533       6.2793982506391819       6.0116266036187662       0.0363483259664505     102.9905000588921382      88.6242658043808547       5.1845605383722022
      3.9416271588218397       6.2133487015057138       5.2779190585705686       3.7062454570098424     102.9060803789203931      88.6107155142510265       5.1457077581289736
     15.2737327981758959       6.1678311994045352       6.3477632507897717       5.5085663813709544     102.8165543119641683      88.6073755768907034       5.1062806363645850
     49.3555340724517109       6.1625052366020316      17.8936855983500998       2.9637436451796901     102.7327792912191455      88.6063314464973644       5.0697091786679227
      2.0733017594574186       6.1181262765537046       7.0929548416144046       3.1889775015209096     102.6251325851701210      88.5923836524267330       5.0325019691932349
      0.4553100329427173       6.2217785464428355       6.9679977738297856       0.9505982068242744     102.5344154392883240      88.5936104369404518       5.0052859481898277
      0.8608123187176285       6.2657072069155433      14.1744450337690147       2.5679275897112319     102.4365025542739005      88.5929924495328720       4.9820745462364284
     27.0329330084831625       6.1209190591934872      12.7869245427266431       5.8555590912199733     102.3293922607411588      88.5922810754327941       4.9516222424306111
     27.4678100043290243       6.3822357505793423       6.3672804024109881       4.8565068019873507     102.2434467932948365      88.5889113886533437       4.9358013317319589
     54.1622673021845173       6.1437932047355774       5.7929532801126333       1.6635595046230236     102.1476519050016520      88.5846424921899569       4.9096994919083397
     28.1488495170580215       6.1293954993451853       7.3764935919587877       4.1810916435845655     102.0642884706010847      88.5764351906984757       4.8842717920446619
     37.6460182081465788       6.1148765549374158       5.7830951980139265       4.4068861680046183     101.9599357443955086      88.5731773043611383       4.8594571795580883
     59.9135980661281806       6.1231809893123312       6.0725504711106622       3.7868554650979576     101.8777870503708840      88.5696700536342263       4.8364171229294914
     15.8171285630293781       6.0491215372770908       5.8953491334945749       5.4551414667997307     101.7944983715447194      88.5553704300819646       4.8105888463259916
     58.8535993269245026       6.0133224867935153       7.0693105162774739       1.1998317413511330     101.7126145962840695      88.5552879221107077       4.7841786317678539
     56.9042806384908104       6.0050084632821807       5.8021337051790249       1.0593506899406790     101.6290989779857625      88.5439788554176488       4.7588154329823826
      5.5069208255941771       5.9813216156572873       6.1922521379713258       3.3294275681458174     101.5462601031512975      88.5315630302314389       4.7335471821025763
     39.4769156635365022       5.8472774701864472       6.0167615282635962       3.1273014903475058     101.4669205152657554      88.5300580535065791       4.7013478495925458
     43.0509225639159609       5.8569062399923402       6.6248507992754497       0.8949260122702114     101.3846995127957769      88.5212050807167259       4.6720075499699867
      4.7161041672198829       5.8578980576965014       6.4534835735637373       4.0787607634759269     101.2954150772845310      88.5141859610378106       4.6445854096790127
     66.6890092745402967       5.8402932245875947       5.5338705614919661       5.8904775146709909     101.1912006374424209      88.5126321809720480       4.6177576910241731
     26.6312089953926758       5.7933967336021590       5.5212135929112653       6.0838515460978471     101.1143236823388918      88.4953632635008489       4.5897013452286695
     71.4975373067289155       5.7281986312921225       5.4571313004436490       2.3432451476822251     101.0360635711359407      88.4906317139660814       4.5592259697490167
     39.1435243319081536       5.6884758214192894       6.4581966865496581       0.3157524428773328     100.9612563964454068      88.4702195726050036       4.5281177245356252
     13.6748602543262638       5.6466854900327945       5.3240192305969085       3.6499473041970276     100.8746501379132496      88.4648045067693261       4.4962626387753328
     17.7018295105740044       5.6575182398628527       5.4939125426116764       4.7590269735577095     100.8007004231144208      88.4654608439454364       4.4672925841897975
     29.1384087617233369       5.6237996178675997       6.0707726037684289       1.9681653519058244     100.7261375527977094      88.4624014308694058       4.4380145955717945
      5.7128275518819960       5.6098240323791480       6.2616963967746653       2.7620069514362484     100.6455139265856928      88.4570521816060733       4.4097180169586832
     58.9246777518544675       5.5534957190868646       6.8588298515547317       2.4912470747424749     100.5634735517598983      88.4538031922595991       4.3795988411768523
     53.2916347993757213       5.5815612544830451      14.0959311490270256       1.2942870039972121     100.4735550588693940      88.4419732086278998       4.3531437604084555
     42.8992645340204248       5.5469111280700529       5.7695848195725858       1.8087413036394508     100.3745359161689947      88.4292589125524273       4.3262001234368510
     45.0612601737148140       5.5240041478360480       6.2937230835087199       5.9135063882184369     100.2976553843298575      88.4223006831558251       4.2994983262220083
      3.1685160427864156       5.5132680400312966       6.1394270134983246       4.3676453354149061     100.2140776547847878      88.4172716684078210       4.2737323774355538
      2.9408791066734401       5.5911631340900465      11.6106235254682595       3.4837788353018340     100.1372024966413647      88.4151285876123580       4.2533112434510256
      1.0225542429935883       5.6204280399654571       9.2458066505257079       2.2595572178582159     100.0369814254771086      88.4109978078235059       4.2350520456879543
      3.0821251846776279       6.1133362319006750       8.4621866316646219       2.9444464604878675      99.9318902182218665      88.4102958114095543       4.2293422989404394
     66.0433310239694435       5.4897673002862284       5.5964074899779153       0.1576528257667675      99.8181802077674121      88.4063250886226655       4.2061322014055778
     49.8558877559982676       5.4397031340967574       6.2232998202866643       5.6946337299503540      99.7455506054596839      88.3930890106123144       4.1814829660589075
     49.9493891181258789       5.5062018942029134       6.0271387934073912       0.0282545228349633      99.6674964142415547      88.3835346633942294       4.1613941807872363
     50.0454541607731329       5.6286727908671459       5.6008977456020927       5.9420061210601745      99.5926033523710714      88.3774104625516514       4.1468337179825356
     16.8843839688390887       5.3329227583084089       5.2232299244438840       5.6826481416263306      99.5171013722559792      88.3713514746646212       4.1194250522454636
     55.7965243415492793       5.3359233924863076       6.1765123960551627       5.8997863423044947      99.4479525029933740      88.3706648502487724       4.0938164563342809
     66.1381243922800195       5.3119353154847637       5.1980561840785349       1.4112469740924070      99.3672584756013464      88.3610783951294820       4.0683006045098589
     10.0996126770303061       5.2112067206308668       5.1547472427220731       2.7664256505288876      99.2978346094691915      88.3504072643408307       4.0381243324140899
     15.4889836732267661       5.2274841160681520       5.5728656797915903       1.0378817321418907      99.2306498095781393      88.3500003625338195       4.0109155364656575
     12.8793378705866441       5.2087204516474168       5.3141930272600373       4.3890739908295444      99.1592394815560993      88.3492099061600413       3.9842150959393057
     23.7036463194706002       5.1602496712148991       5.2093303370699617       5.1734516474437697      99.0919247309281843      88.3500029925872923       3.9561856445505539
     27.0457355373381496       5.1516208697008441      12.0638317257779963       5.9541601075232649      99.0246035590559330      88.3481706439436465       3.9293438813336721
     35.6601373314576691       5.0705254131121427       6.6778370903886257       4.6236674705926788      98.9393414642984936      88.3433536634775152       3.8990525756968522
     14.4513881022949384       5.0599262706237074       5.3843982418744716       2.9150504396587138      98.8589189001690016      88.3378900584622642       3.8700605108507720
      1.7895278212682604       5.0670012634986543       9.3614090978279894       4.7862080195721575      98.7885748661239802      88.3374301308562906       3.8433094629402533
      6.7370260631842571       5.0825993787056234      13.3947606889986375       0.2142351912646561      98.7050594375079697      88.3355176403672147       3.8189757473856107
      1.9978235866252603       5.0183323666059039       6.0941890443707951       5.2089558789605945      98.5954332250673957      88.3339965869438117       3.7923690759217275
     13.0256351631218052       5.0368403400396664       5.1092922476533635       1.0848270671506768      98.5176301487305466      88.3345039824800722       3.7683165212681811
      0.0000000000000000       4.9976339980711364       0.0000000000000000       0.0000000000000000      98.4496166548928784      88.3318879572354092       0.0000000000000000
