     19.5993949440559874     555.5632540950068687      28.4272011657626180       2.3496656697082443      54.6706219057881952      26.2011694386701031     555.5632540950068687
     31.4886497682176767     641.0487956887986911      29.0361562630057790       0.3718409452215425      50.5572928580595260      26.0679520659585044     555.5632540950068687
     29.6733938043610088     553.2633618385500540      25.0713051182675031       3.9992482442233239      46.1402874078049834      25.7443711430409294     553.2633618385500540
     18.9594389107843639     491.4263952626391756      22.1927775283809936       1.2779233468011597      42.6829778756203169      25.5370368721480112     491.4263952626391756
     25.1065302405824049     447.5734780906881269      18.8263075651513070       6.0491338038605846      39.8548471413651129      25.4743844477272283     447.5734780906881269
     35.0911886863998177     441.4767945949432146      17.5829260245507939       5.9330920339760524      37.4577497996884503      25.3830913428628300     441.4767945949432146
     31.8867360475264050     418.0715931457889951      16.3277407285145841       6.1384350887579586      35.2365452408104716      25.2322397458465559     418.0715931457889951
     18.4125273708630743     333.7641511626201236      13.4816137510254315       4.9182398170726884      33.2607558944776258      25.1298354400399298     333.7641511626201236
     26.3490821781587599     127.0823890668372798       8.2859125230818051       0.1719968688360538      31.7794300941232493      25.1036986312565276     127.0823890668372798
     47.0492876146243688     120.3456626311327398       7.8109610658339204       2.7347057864592870      31.2484402086531503      25.0862533693779746     120.3456626311327398
     40.9168359299172621     105.6348937486870341       7.2543496597144905       0.7926011520997278      30.7543957846641867      25.0358582572558461     105.6348937486870341
     18.2225681615563495      98.5392228574418283       6.9951105612687687       4.3918661552072962      30.3280026005112475      25.0053592757095409      98.5392228574418283
     19.6402857126005195      80.1416368810031940       8.5034763661571535       0.9589862869273063      29.9302015637694439      24.9988289613724497      80.1416368810031940
     32.4782359516420485      59.9317805745541605       5.2453904286184478       1.1073115067068144      29.5608129492287013      24.9937224543832635      59.9317805745541605
     26.0307753208137171      54.7463033570089905       4.4145578668867573       4.6776307845196499      29.3286168577050290      24.9816950681345631      54.7463033570089905
     28.6790969241289879      54.7552607177007644       4.8549609026279423       5.7972485155822397      29.1177870321662162      24.9759189697886796      54.7463033570089905
     24.3085287549453888      54.7922497997526108       4.9518089756444352       6.0945990066589530      28.9091002421480852      24.9689686023702144      54.7463033570089905
     37.7273765233365665      55.2627839510224632       4.8793070666177680       3.1557363334052724      28.7017518290767484      24.9637557130106877      54.7463033570089905
     35.0631594617567188      54.7292384044958311       5.2104938125828975       0.2865028903564095      28.4942435448181115      24.9515494449782267      54.7292384044958311
     43.9601239179031893      51.0705054168795058       4.6395653745689005       5.3063945828665311      28.2774714032776373      24.9409723566871939      51.0705054168795058
     22.7827638708018796      45.4670725673024663       4.4202886599120186       0.6115996091778513      28.0885741015259285      24.9263841086850064      45.4670725673024663
      0.5540502841573295      44.7561173634651226       4.2937853003510398       4.3393902844539269      27.9215527567078610      24.9216426526851542      44.7561173634651226
     19.7147831210388382      37.2026381213121979       4.6129046077403233       1.9349853306905942      27.7581883531793956      24.9210390827911965      37.2026381213121979
     29.9513651636654892      33.5980231765373318       3.6711744303235898       0.0456453863974318      27.6036355372338633      24.9194495952715371      33.5980231765373318
     26.2353468537262842      33.6032528358894567       3.6124898141852850       4.8081107285309628      27.4812823498089678      24.9145954150003952      33.5980231765373318
     27.4439350828139439      30.1770888717937105       3.4680624012647696       0.6989346456633072      27.3591128113086910      24.9110876020271448      30.1770888717937105
     25.9407886666981469      27.3874586041551744       3.4762300504772998       0.6308591235522769      27.2511375442011285      24.9061319868351561      27.3874586041551744
     25.5388685003475189      25.5761457499635583       3.2870393785608769       4.2570836322031909      27.1500884342986240      24.9046881203676485      25.5761457499635583
     30.9179828175004445      24.0532009190025100       2.9419719731592520       4.8368878307140477      27.0589615884961283      24.9024696339680744      24.0532009190025100
     50.1983287262667801      23.4594103969784591       2.9834071995159097       2.2739596984013559      26.9739006472585956      24.8990947486035843      23.4594103969784591
     25.2088116373386519      23.1091107873677757       2.9653416406747035       3.0784397813607001      26.8912923281927831      24.8897741583890912      23.1091107873677757
     21.9194600342224355      22.4577356320792347       2.8157265026726628       1.3919246143034769      26.8091142106893230      24.8875784874896411      22.4577356320792347
     25.9104688746620688      21.0207718050094563       3.3764786173438575       4.6756901638348864      26.7304391163016355      24.8856376187947390      21.0207718050094563
     32.0896654178141461      20.2066144922836308       2.6983075130346421       5.6281086167631003      26.6469513949545451      24.8830001825153246      20.2066144922836308
     28.8064590536715741      18.4032588479527845       2.6998962876020767       6.2337164504184130      26.5753206879600725      24.8794033996219497      18.4032588479527845
     19.3643266401921395      15.8230076144970884       2.4237547307877909       5.9745192612950433      26.5102655118673525      24.8770818344701929      15.9545897701910029
     21.6863921822104331      15.8674085301143215       2.3821841332835669       4.9233428218197588      26.4542368404285710      24.8764562102946662      15.6535597745270216
     29.4981705453869232      15.7553491994142778       2.4735272279627294       4.6926070572283862      26.3993032187198047      24.8752163532709680      15.3525297788630404
     17.6813685697424781      15.2728152425855317       2.7547959072452413       3.0035940397413441      26.3446527028680890      24.8734592690764913      15.0003472607516777
      2.0403798067942231      15.2103218769121291       2.2406783333516715       5.5098643141948997      26.2919775310298327      24.8725682340289396      14.7784985111353215
     31.3245850842402476      13.0231259222973375       2.1619628540336184       4.0356087749299121      26.2397730740053383      24.8725317543288647      13.0155699937423375
     18.8214621510521525      12.9827860154849031       2.3439564950721334       0.0689977136592503      26.1949867653138924      24.8708701236379497      12.6978720242135168
     38.0730024635794990      12.7294490871510462       2.1497394737641957       0.7819162939070381      26.1494113451336396      24.8700517001354910      12.4123869877569746
     20.3140463107633522      12.3310475817697416       2.0968119967236012       5.6244101418318024      26.1058329063052383      24.8674148345174650      12.0687763955305147
      2.7189559871133162      11.9522725753539731       1.9865164691353723       5.9490156826121421      26.0636272721406854      24.8667100153207734      11.7056116742983498
     20.9436692844619969      11.7787820825820440       2.0299020710231326       5.1618144722209109      26.0229373819033469      24.8665095360996027      11.4396304960822803
     31.9723074795991202      11.6448015445973514       2.1470687148373697       1.5120371621581370      25.9828761851560763      24.8649259427146347      11.2291845657191072
     16.7319328678570507      10.9886936700124629       1.9702238850283778       3.8129314785240211      25.9412344544665778      24.8632551783073446      10.7914701563065609
     16.3177162165631060      10.7095345859049402       1.9451128163750351       1.6017336720672546      25.9040237721974123      24.8625982751756389      10.4475425465072789
     36.9872788877026863      10.1941274508765272       1.8819691550110773       2.6943015486524899      25.8677817864331629      24.8621890627068609      10.0015775726154601
     22.5425268056121304       9.5186442764871089       1.7063614233979758       1.1274987190357066      25.8333492197436847      24.8600326374098479       9.3951513108246356
     29.2774030452404688       9.0746608561988236       1.8105617855995757       1.4409434663960354      25.8011551291740808      24.8593720302855807       8.9049600221862075
      1.0300152185667326       8.7427000764066261       1.6516515735411192       4.3203554912636690      25.7702011057623359      24.8582002551531218       8.5152658255086138
     17.7287147851268472       8.6009073136150249       2.3866081275100948       1.1813056173071317      25.7407631063554980      24.8584306125966421       8.2549489604560655
     32.7387122623232401       7.9846460361245395       1.6617871956981329       2.2572750365491601      25.6974965669210498      24.8577950186698899       7.7980690033842972
      0.6410311276297874       7.0350605629753327       1.7472101781058194       4.9533569779035389      25.6706707590965806      24.8572399216269275       6.9659179252426240
      1.0549374500841384       7.0484054468380393       2.2443017610390545       1.1817637966235424      25.6468035778893473      24.8571087344514687       6.7041762445298527
      0.7984440972230320       7.0543806611985795       1.6683536581044847       0.5664628952820792      25.6200067801705664      24.8570709282218480       6.5438658213533945
     22.2608991114087011       6.6446072490429584       1.5277738359475623       6.2822013880555261      25.5945351794984681      24.8569892621531423       6.2902920505719351
     35.6375027782677378       6.3348352550605860       1.4792485859192608       4.2102505661371623      25.5720413615495517      24.8560175316707443       6.0109629438246959
     19.0362508073615864       5.9277074334795294       1.5202201441933600       3.3596202102547039      25.5508188501234841      24.8549436932903944       5.6663134320717132
     44.9542485936025216       5.8451852086888039       1.4131480155186387       4.0183805507315782      25.5297980331298220      24.8548385116404837       5.4455751272970403
      1.1144775851482944       5.8154784711042966       1.5648944459087617       2.6541108970780414      25.5103304446015429      24.8529836899709160       5.2912507035966749
      3.2936334746937730       5.6681049557790342       1.3874002815705426       1.5837892049878945      25.4887633710706538      24.8529442998395922       5.1389936386965624
      0.0000000000000000       4.9939792808472836       0.0000000000000000       0.0000000000000000      25.4698395897945602      24.8528354094433261       0.0000000000000000
