     24.4491713370461348     537.4706824588225800      82.5097035885068664       1.7039524900740588     135.1337296449780183      33.5465177789696298     537.4706824588225800
     23.2807240187023226     568.5512083254599247      69.2727835334814728       4.4602652988744893     122.0690818450248969      32.3647991325759747     537.4706824588225800
     20.7690485369429076     390.0980508095757955      55.8547146795213791       5.9910775331569113     109.5448234793659168      31.5182259650498580     390.0980508095757955
     33.6263805547231769     381.0418166983941433      53.2676214620649375       1.6928936034221778     101.9668368477029929      30.9718300369143265     381.0418166983941433
     34.1001435523751368     345.6475467670576904      59.1259985703725661       5.9179223216686552      95.0829062440742518      29.9202034715488168     345.6475467670576904
     31.1244946829580869     217.4926929949564283      34.4589064292518472       3.4671822845178184      89.2495074769650074      29.0277556178776628     217.4926929949564283
     36.8348257841281992     217.0582773170964401      28.9973339513074926       2.1790828327196294      85.8613111732400256      28.6153970349063620     217.0582773170964401
     36.9407863682954201     187.5810808849261377      28.0240793343778911       3.6987200904462014      82.6087964036883449      28.1189557658421627     187.5810808849261377
     27.0668741125843226     177.3322229679156123      26.5405860046501800       4.3637700721213122      79.8333476028782911      27.6877437178670895     177.3322229679156123
     31.2683527500835332     154.2983164400534974      27.4695595144628300       2.5037200824065593      77.3712411697047457      27.4640289972436484     154.2983164400534974
     30.4944758726083087     161.0015160692561835      25.0161378838079678       1.3424986185985261      75.2416987212102555      27.2546738080391222     154.2983164400534974
     26.4893932556229785     157.6231925679576591      23.8137545612599268       5.2087855840994308      73.1369663909111267      27.0240071630983856     154.2983164400534974
     42.7064614628669190     164.9049489846951246      25.2249086040293200       3.1817020222718355      71.1303808280995185      26.8939085559719366     154.2983164400534974
     36.6851675154846788     158.9231299592491951      22.8748201310347135       0.7942342617991969      69.0929718762942855      26.5255124825718553     154.2983164400534974
     30.3335914387692434     122.1435883650312633      20.1891988309249442       2.3015951247783022      67.1466999673529017      26.2756616073702745     122.1435883650312633
     26.3899448465493620     110.0413185175247861      18.3675983155151670       2.2608220616951229      65.6970929973208939      26.1293626525773561     110.0413185175247861
     16.4383519089448811      93.4634701889111170      16.1544543911966478       3.7897442158485291      64.3503026469157362      26.0274166386305730      93.4634701889111170
     25.0851356616914707      91.6340811297841213      13.0813307470714868       5.6555843601143607      63.3120246469352210      25.9894417954256909      91.6340811297841213
     34.1239363779292901      87.3818337977966877      36.0509730401927584       4.3314020526652683      62.3092301381780302      25.9457064094228258      87.3818337977966877
     21.7765032321079595      89.6374154313283356      15.1434367448779454       5.0844161691687333      61.2003437542631303      25.8362185552840238      87.3818337977966877
     20.9205065593876789      87.6873676646298037      15.2418730777931390       5.7630772139144284      60.2526882648615185      25.7971051089740300      87.3818337977966877
     39.7536503834002275      86.3136466774428897      15.3946139975799561       0.2679773444636382      59.3049190484818780      25.7473806580852447      86.3136466774428897
     17.5991288870619584      75.8194635533659351      13.6851416315880883       1.4929572138192242      58.4214741359656529      25.6170881181434318      75.8194635533659351
     45.7530773134170801      68.9718950478833648       6.2188603430681937       0.6522104005655862      57.6578317280400796      25.5955759569100110      68.9718950478833648
     24.9454943626424885      64.4817861561044907      11.2630088128338421       6.1742297263022721      56.9727290729247642      25.4680061034568759      64.4817861561044907
     37.3389681521832557      65.6027575898334163      14.3752032991084686       4.4317573769424570      56.3194778498134099      25.4333835107591142      64.4817861561044907
     34.5013231378540510      66.0932310347461964      12.3776611232203546       5.9893563006967980      55.6791186084461032      25.3463540223091854      64.4817861561044907
     43.0758644930373933      63.4233462527153264       9.7432250099921358       1.4137722191065194      55.0369417143002551      25.2745559152558101      63.4233462527153264
     39.4906414402223334      55.9699509772694199      10.1883406355501851       3.0146049796078813      54.4307624540865191      25.1767290337107426      55.9699509772694199
     35.2093014283894021      55.5305501940677502      10.5018510616854943       5.1788748987795117      53.8990156889986665      25.1044025591141455      55.5305501940677502
     42.5135205475099838      48.2398346466578687      10.7104445552037149       4.6220146487524261      53.3825484890110644      25.0541346444039199      48.2398346466578687
     40.0238235487465275      43.7859578959182372       9.1600237329922223       3.0697477596170728      52.9256699687856553      24.9871686630900562      43.7859578959182372
     48.9192917601343993      43.3752942979140386       9.1621429441023725       4.3336867470118676      52.5211829699501962      24.9383717535105802      43.3752942979140386
     29.1528996659138819      42.9087171528610725       9.0571630544017392       2.6488506600783666      52.1295360321042551      24.8626946128752984      42.9087171528610725
     29.3340882353261421      42.8991928218629681       7.9280255229724466       3.7366987741318525      51.7445894483633282      24.8340333223402361      42.8991928218629681
     31.0235776805431200      43.1528284578747616       9.3656548288403236       3.9857674103753169      51.3565949628261720      24.8056165672715103      42.8991928218629681
     34.2840245406916821      43.1903237326152052       9.2350352679144407       2.2164838962619768      50.9393034112673320      24.7721956922947015      42.8991928218629681
     33.8162670686541702      43.5252928397636722       8.9051173524941909       2.2208011616151424      50.5531482669296821      24.7349780527746113      42.8991928218629681
     40.8040638217480662      41.3644872281951024       8.6932132120839061       5.2472118484632375      50.1527219826703927      24.7017784388124362      41.3644872281951024
     46.3367879412722345      41.5393964947229151      14.2463251019161508       6.1201821470945816      49.7952987581403193      24.6527580043672252      41.3644872281951024
      1.8231805430485448      41.8853740409781068      11.7437223602380190       2.0969760800929151      49.4393652432987025      24.5952304662662975      41.3644872281951024
     14.6170876006376780      39.7943983723338803       7.5037471092980175       2.4438724328995676      49.0833641641698577      24.5954934926972903      39.7943983723338803
     42.8279809657353354      39.1818067741227765       9.3867445312910078       4.4767248457122122      48.7475579146157330      24.5891003487404340      39.1818067741227765
     42.2519112277520250      42.7312712816467766       8.5869075536563138       3.8414201348262367      48.4063372229211950      24.5385464232802022      39.1818067741227765
     36.4477688310661065      40.1305622121292274       8.5665963485697230       4.6834932144905252      48.0418556803483625      24.4918869562969057      39.1818067741227765
     48.4237202557142297      39.5515605528510932       5.1572331147425041       4.3481674170528066      47.7036769472346549      24.4554469205550369      39.1818067741227765
     38.2497684678164873      39.2029239422082512       7.8923113939428111       3.9808138720166397      47.3774762161142959      24.3997509603891665      39.1818067741227765
     39.8168674932498377      39.0342882050936595       7.2400416451766887       5.7520562192274411      47.0572349434580417      24.3581471611793532      39.0342882050936595
     48.5583460926918065      37.5110529807533410       7.6416515046268190       3.4071926798845169      46.6522231149834639      24.3107267784175498      37.5110529807533410
     16.0461681363207447      36.9230912570951375       7.6180807426218795       4.5189802283769467      46.3444530592752386      24.2603196108007140      36.9230912570951375
     13.0151967387763925      37.2574614108583120       7.3053685660239749       0.8539151267562417      46.0487423602825459      24.2570700161203021      36.9230912570951375
     15.5814974007299725      37.6519485704653718       7.2221121347394632       4.8348006407234863      45.7536845583925427      24.2523579719065232      36.9230912570951375
      2.6724427480701394      35.1740979689458300       6.9078564486986158       4.9949562410022992      45.4554442610884806      24.2496994450618004      35.1740979689458300
     27.4236905693998310      32.8334119720754245       9.0105624185206068       2.4213181528087233      45.1805303375582312      24.2499483606822253      32.8334119720754245
     18.5714151538554653      30.2421390377697499       6.3548656590186594       4.9307594013719864      44.9227181067588432      24.2294647313042937      30.2421390377697499
     35.4299947912584798      28.3296248877358927       6.2219968259863894       0.8150326893176540      44.6890647122019686      24.2249934578612276      28.3296248877358927
     31.9988561778373040      27.1896127007533721       6.4906633598370842       3.3204252843918738      44.4705751914771881      24.2028084943678934      27.1896127007533721
     28.1111923229102167      26.6875212205348795       6.3910184828429717       1.4860442195916193      44.2623458633063009      24.1857529348209219      26.6875212205348795
     34.7066920893531545      26.0349907404276664       5.4604285384731508       5.1511054889609369      44.0584223907177730      24.1806665697426517      26.0349907404276664
     25.0028564821117385      25.7993898883404604       8.1044156682766229       3.1666713406214484      43.8586135371108412      24.1643580553114141      25.7993898883404604
     26.5372589647791415      25.5234096510334574       6.6894427163990038       4.9873029326757461      43.6169404475543061      24.1528626426442905      25.5234096510334574
     16.9987970729505378      25.3866307267898321       5.5952757290392787       0.9114252003003500      43.3869402660657002      24.1456408367097737      25.3866307267898321
      8.6151549399093827      24.9280229581205184       5.5771064977852713       0.5973327258200740      43.1963249450344264      24.1429059376046204      24.9280229581205184
     24.3041412427166676      24.8948622432408371       5.6108376119585648       2.2252129109531751      43.0113841403839245      24.1422918891805445      24.8948622432408371
     37.8690549706639885      24.8712306165628618       5.7289226626280714       1.6606147456462139      42.8208272086437773      24.1385089333637843      24.8712306165628618
     42.5678808556671058      25.1755237001082079       7.0840998133444240       3.2151040388910559      42.6357788019591268      24.1197018383203350      24.8712306165628618
     27.4713719076150689      25.4741378615635057       5.2786867193619180       3.7721003556273871      42.4073122006254195      24.0903059773625294      24.8712306165628618
     48.6345417144932242      24.6218076612032419       9.3143739967708470       4.7918921329167716      42.2041715654266483      24.0750382558256781      24.6218076612032419
     51.6342111832153634      23.9983528292250163       5.1834153282950739       6.1404617059939284      42.0136397202757905      24.0455544971076449      23.9983528292250163
      1.1972867306970933      23.6599853308289276       4.6211388758643341       4.0805701575175561      41.8403762088885145      24.0114657031994199      23.6599853308289276
      1.0120763259617613      24.3389157532736746       6.4460328420231896       6.0242253492320543      41.6704202225957303      24.0100144953700045      23.6599853308289276
      0.1031394754254059      27.2440228101563520      23.4835163646099012       2.6858705136659609      41.4923428174456390      24.0093306886069939      23.6599853308289276
      2.0582141346844209      23.5739357678977939       5.4822988518518505       3.9633920682520483      41.2963644105474330      24.0090573462892074      23.5739357678977939
      0.4816755870442626      23.7294271313769443       5.4537599897289031       0.5467696022572497      41.1276833314253381      24.0109525712177536      23.5739357678977939
     17.5381260692098095      23.7880290454387442       5.7849606461942464       1.4881562686189653      40.9586013822374895      24.0098331980414130      23.5739357678977939
     42.9532709873883292      23.5285118259290122       6.1101890373771903       1.5048369965646060      40.7788864368735489      24.0057640086150776      23.5285118259290122
     29.4213984003656677      23.6407300582322080       5.7096123893911397       5.3717079296378216      40.6075944991457689      23.9856931534405149      23.5285118259290122
     54.4165882519613504      23.6367916190687026       4.0176794035551140       1.5828438809387961      40.4250721810644293      23.9750890218631412      23.5285118259290122
     33.1618261632219955      23.7603154711989220       5.0665976008766833       3.6204103661641938      40.2609668805430232      23.9464802967364783      23.5285118259290122
     18.9983551653723524      23.7806854214849608       4.9105793875282551       4.4840489041292102      40.0948629720436571      23.9312681409273367      23.5285118259290122
     45.5775901448458995      23.8807484373218095      10.3090636611557898       1.8501674615675228      39.9308273382024908      23.9306653095697008      23.5285118259290122
     20.0458467785623959      23.8607372657670176       5.0119437999002141       4.7274281547054926      39.7658301262821468      23.9089240141890222      23.5285118259290122
      1.4029284278117584      23.9705718432999717       4.7549652319576428       4.2904793533091805      39.6024240194436317      23.9057583092438364      23.5285118259290122
     18.3622410630014450      23.0026074716573703       9.3085877475805905       5.7057118465216519      39.4339785799694198      23.9048916078533331      23.0026074716573703
     46.9240006123572471      22.8672999733095317       5.7938182473679172       5.0468134840678687      39.2747211963125977      23.8996843559386498      22.8672999733095317
     11.1428577062881526      20.2463386344865235       4.6324297884909651       1.9412442274317954      39.1195882794220751      23.8792566033042810      20.2463386344865235
     23.5564403126998378      18.8200721909206905       4.2140967727407803       3.3592980756132391      38.9835701223274427      23.8791905559979156      18.8200721909206905
     38.4340802367804173      18.7096147044421812       4.3131609356306297       1.3898985166581923      38.8554741789913862      23.8756788542806184      18.7096147044421812
     28.8747900441474883      18.3392859314519576       5.2472682631969763       0.0739196999732528      38.7271273526471234      23.8640211310449253      18.3392859314519576
     46.3210956008891088      18.0265411295877875      10.3043024722759125       4.1033739452889648      38.6022189298537910      23.8542376100912783      18.0265411295877875
     25.5042798798762895      17.9128346940661913       4.4929629788701506       0.3641378572304390      38.4744057676609685      23.8376921485190607      17.9128346940661913
      4.1394817225442644      17.8208321661007254       3.7459080851642841       1.3756441171847626      38.3514574082813837      23.8341365030019787      17.8208321661007254
     37.5519262469992796      16.5129720378861080       3.3024803245429912       0.1335039744829416      38.2339677432761604      23.8345453806749710      16.5129720378861080
     51.7190203170302709      16.4108196451015367       3.9533624221211840       0.1077434026031412      38.1226015024909373      23.8290586272438389      16.4108196451015367
      2.8092643803486572      16.2136645228129446       4.5207123702136096       2.1376958060339319      38.0086838101758602      23.8066947719958257      15.9545897701910029
      0.1112806208188455      16.2890261539173089      20.3975276760664279       1.6455892088617219      37.8998506986239150      23.8069172849396438      15.9545897701910029
     43.3337252014347456      16.1365738416486479      10.4749020642764350       5.0323769396248537      37.7590382183024644      23.8056467672737249      15.6535597745270216
     21.9941646343641892      15.8138282128183896       4.5257010361746204       0.8624775793380692      37.6507408610386278      23.7893797216127822      15.4774685154713403
     26.7062071254340374      15.7468676361446551       4.2730192494444408       1.7370077092330547      37.5473732335301591      23.7868781140063632      15.2556197658549841
     23.0695067711494168      16.0535625045599026       3.9567039179919883       2.0421326771159301      37.4415749655127854      23.7817131705048403      15.1764385198073590
     22.4552030987582150      15.4861309765679582       3.7933057213473149       5.7112814517657426      37.3362522980241991      23.7752479462146518      15.0003472607516777
     51.4185320505413515      15.5153334725467360       4.2771038105448493       2.9442938783379731      37.2355572080183777      23.7721100674508783      14.8754085241433778
      2.2226170646191261      15.1475770365801541       4.2517491636127662       0.5167321885804128      37.1356858837504689      23.7547124451478737      14.6993172650876964
      2.3059602334681308      17.6776609443250905       3.8816284000710892       3.2717272681168623      37.0347518109948837      23.7557831457608479      14.6993172650876964
     34.0637586785099487      14.9167315183612601       8.2384084619761975       6.2162080099420365      36.9076788103427305      23.7572461960417627      14.4921917722920472
     54.8419102792929536      15.0318579166066222       3.8554765071784916       0.0364467241545796      36.7905418189958979      23.7480324413820689      14.3863880461240079
     52.4207638918346888      14.9695788907870551       3.8803861409924330       0.8313148490363389      36.6929492743542269      23.7297976162507993      14.2824919122552867
     45.4290054713786589      15.1880360777324679       6.1424102465525312       4.4290179187722032      36.5974101662158375      23.7122566398441776      14.2303139005902146
     32.2718494393326196      14.9142509969854657       3.6199685274977886       3.0782978555128437      36.4973627736046353      23.6975943399423272      14.1484097962071154
     31.5788802559347985      14.5542485893483704      13.7205826089961995       4.3083474494108458      36.4017184290260971      23.6907468817997220      14.0051997635460914
      0.6181342852796303      14.7172399885807135       3.6301463924180615       4.3591787360294774      36.3087938953431788      23.6831994082193056      13.9292839049262334
     19.6451329639391297      14.4575701353013031       3.4541114787380409       5.8796499337093593      36.2123990719567246      23.6823211047759585      13.8178692030345971
     28.3672466203874407      14.4344517589899812       3.3609813713398671       0.7692050807038910      36.1216490531680350      23.6809779567787508      13.7241408488127288
     32.0451845045356833      13.9594843090841181       3.2318508078918984       2.9837799946019885      36.0300696594371246      23.6746971137247719      13.5248374901885953
     44.5310227536021515      13.8627203227503468       3.2759708035298627       5.3810052396341490      35.9413854329515274      23.6699327717742598      13.3601972198155767
     18.4982822160689189      13.7074736211408492       4.1003820066378696       2.7782775183789425      35.8554763302671518      23.6611453756629437      13.1987149145185114
     46.7427773446315697      13.5979872749364930       3.1395605023320812       4.0377568288879928      35.7620517371488731      23.6600286224421943      13.0531314487948915
     54.2031970080963177      13.4029570929453676       3.0872206799127682       1.7657875128918903      35.6755902226644892      23.6515100184320133      12.8927604628963035
     41.2106975237732343      13.4509662277558952       3.4110534061936630       4.2927671467244153      35.5927899723876848      23.6370092429620406      12.7866819601895241
      9.7941208304787910      13.4405899848481507       4.6319355910290092       1.7373865716929657      35.5095005210351644      23.6285553715803118      12.6995586068454518
     30.2358569096308152      13.3535079252602529       3.9688216272811752       0.8117356440146111      35.4271855583110096      23.6260942457170557      12.6125620821035316
     29.8496870248894055      14.9159283520406003       3.9003075505560743       6.0560928243408654      35.3430603830922792      23.6229446150094660      12.6103940543195687
      1.2817624374404473      13.4175899274364259       4.1326192418238614       1.0941385780027346      35.2503759542810826      23.6188584858175048      12.5475389553867522
     45.5597586399125873      13.3597786593027106      10.5164253864217372       5.3105683317601944      35.1557894810116451      23.6204157384125324      12.4853570276843904
     57.2682080406756455      12.7825455242481461       3.2566944446267017       2.5713550216808443      35.0649625603546156      23.6061378314529087      12.3079900184706297
     48.6158864535741060      12.7807379540184609       7.4210551628448176       1.0751503267768427      34.9878820481103858      23.5905426053033622      12.1819747203418327
     45.1379229198892418      12.4283529282868876       2.8862900326208263       4.6283815351837774      34.8854316160523297      23.5769217013325587      11.9869014197376913
     40.0804138073202623      12.3017971507443171       3.2973026787247464       1.0213795526745386      34.8062174529732999      23.5686171471179620      11.8153720700534173
      4.2352635747472007      12.1317714815918318       3.8595543221418507       1.3515076370370451      34.7230950651927088      23.5604440591303934      11.6443426617627210
     15.1187146479745049      12.0760943810221555       3.0090786522204596       2.8769795192404644      34.6470273683217869      23.5603237286957921      11.5076023880606790
     44.0563378164883943      11.7249957992020573       3.0679287917085678       1.8715671780649217      34.5743319421748794      23.5602407623874797      11.3018021076479886
     20.3120700829129959      11.6989420035720162       3.1197561495600246       3.5320558216247235      34.5039487733814241      23.5509684397516921      11.1554422834131515
      1.8963366519562215      11.7129317974983209       3.4239433622552626       1.0527158437819750      34.4329538730619547      23.5509444758935373      11.0492473032785217
      1.5310615332108273      11.9745654705272724       3.1050355214525247       1.7565578479191544      34.3523552608131411      23.5495209203925953      11.0005113585541565
     31.5867763848741632      11.8992031206423938      13.2466383450756293       1.5636429623830708      34.2770078858494287      23.5502042829117002      10.9488688716451357
     43.1933114832376717      11.8384681883254643       3.2422722051257202       1.8628694326746853      34.1913077130613203      23.5455410597343011      10.8961979136019576
     35.8444880694984533      11.7654310259939603       2.7848081052717917       0.4318545241351828      34.1158097745195974      23.5391780358612728      10.8411511608244826
      6.6108738807593728      11.6938077809277985       2.5713547454103978       2.7182653276961872      34.0461449485148506      23.5339647322145211      10.7840962972929155
     21.4980189283738490      11.7080753543493277       2.8055092629621297       1.6431913527324440      33.9774733232437640      23.5334284487082712      10.7352148455647480
     36.9719791060236460      11.6636748236025642       8.8264550335879601       3.8876195610558142      33.9075425271074380      23.5316272441360681      10.6868081104756438
     25.2022286417980759      11.6971015360733634       2.7981087617692766       1.2928932411435170      33.8287821791951657      23.5256285648480343      10.6463413220725140
     52.1483712939858748      11.6467912253993937       3.3423221938126524       4.3149641263355960      33.7551457735584961      23.5220869040415934      10.6049897992129978
     30.5724492140333979      11.6227464803292442       2.6084394951258023       5.0912764722209687      33.6857002478793248      23.5108783830711303      10.5651809033163957
     11.4375603336792651      11.5640048509555200       3.0120573652153015       2.2623072629924508      33.6086760829867188      23.5095162967341587      10.5236814497169195
     23.2606032003733567      11.6330934984315562       9.7551013441227159       3.3365158556901378      33.5411495989481665      23.5098099752336260      10.4911716305523477
     54.3439446225083600      11.2804112341116447       3.4206928182924625       1.6845073613351786      33.4479684460898099      23.5079739313918239      10.4257912963364170
      2.7771285119519393      11.2565612536654260       4.4525377979435019       5.6798806537133970      33.3729158533629615      23.4948475869142932      10.3659819654483165
     47.0179324757558703      11.3246888397353818       2.7359275550803481       0.7610576846148476      33.2958155638969657      23.4954372780139877      10.3206690759044317
     32.1332281317175088      11.1040836095057536       3.0031604622749479       4.9302562262367502      33.2270352199238985      23.4894359847918146      10.2544704077057638
      5.2219695155005006      11.2137182606432813       2.5452712375747071       2.3579870816304691      33.1523151051086415      23.4864458569058314      10.2092112349359194
      3.1759786890153401      11.1323770743085273       3.4365626667434102       5.8487845279249342      33.0880951073580079      23.4865256739726540      10.1602439556069086
     39.6607620893045549      11.1737867299335001       3.8895599807732233       2.5723661443974351      33.0236885631493422      23.4860376831204682      10.1200654331935542
     23.4459835523193973      10.8493733676558843       3.0579839206759769       6.2826169078376353      32.9497008891163006      23.4762952589828657      10.0457954936508571
     17.7620304664508417      10.9429592887956240       2.7464585278570448       5.6235437509215700      32.8822263084549178      23.4745367789649002       9.9939805922645402
      3.0127339127949990      10.7980104532880024       3.2940644832792372       0.2331509102717106      32.8167178419348033      23.4735305511372871       9.9306376517765340
     29.0286805456954760      10.8441408519775759       3.4307946929913338       5.1781223406336068      32.7474183635626375      23.4717099769773618       9.8806299679355618
     45.7009388867071706      10.8323797404132538      12.0749034895679763       1.5799037036615999      32.6801829730082147      23.4679503602814599       9.8346226299080257
     45.3211183225200074      11.5463040665622980       3.0579755887833469       0.8613944758638397      32.5785625780042025      23.4541867898834866       9.8262680609844129
     25.6514662342393045      10.8683746346872709       3.0885789425130423       0.7860201299575280      32.4710917891258930      23.4407462472628083       9.7885390525781126
     29.7618294278169877      10.7752494272364352       2.7165096341177293       1.5355445999723969      32.4004170988074449      23.4370657033525980       9.7459213822395956
     37.2315832461491709      10.7067381207807522       3.8990270737925465       2.4832860414228861      32.3331326305426927      23.4349208167040963       9.7008169610570203
     28.2212928195243578      10.7451766426891062       2.4945729992843915       3.5554382241155480      32.2699593499533250      23.4298389126445556       9.6632748768534427
     14.6657053870215748      10.5848855514523343       4.1310163656299999       1.6782693310945405      32.2077134456721268      23.4264061286508216       9.6141416892093439
     16.8176378825166530      10.6228458269858681       2.8461079538317859       3.1601064001500134      32.1194538272223298      23.4251988098182231       9.5735332012862511
      2.4329169345714470      10.1897990138309513       2.9821695566663586       6.0263305621752608      32.0583666909208560      23.4230343953123885       9.4794273965271501
     39.7303471946412969      10.1195462902545668       6.4970970166951867       5.7107129768317719      31.9996692035308712      23.4227593038779140       9.3898670265159154
     57.5933713386934443       9.9335551291743709       2.7660389320982968       3.6548854113264468      31.9353476362223887      23.4197092219521892       9.2806381104523830
      5.4459792181484001       9.7747284555357883       2.2387693496199406       4.7930983457757321      31.8801195360235852      23.4091254891047065       9.1598798926615093
     35.6485977798141889       9.7822470993266784       2.8037938300267835       0.2260166679719120      31.8256180404997231      23.4087955172219360       9.0669560434834438
     51.1757328455656193       9.7349067510051768       2.6796465009643562       5.8948179173947466      31.7698370293889063      23.4066776134428309       8.9824486078596060
     52.5636720064771339       9.9623124208235083       2.7313828727025031       1.5252931524430977      31.7152365317075784      23.3985620540238273       8.9391862940921492
     29.5654584181710298       9.8365605045089559       2.6432468462246952       0.8174182572786819      31.6585190991379513      23.3923410931102040       8.8873949699725383
     32.5073183158082486       9.4822885232587879       2.5226287019627502       3.0704735725360450      31.6016214139825919      23.3909522550374582       8.7890421672344683
     26.0292197821267060       9.5370477426947122       2.9111740015544258       3.8046565479365171      31.5486827550064852      23.3888620964280065       8.7176585979035615
     23.7661235663568284       9.6776239256170307       2.6871862030402220       1.2809751763546018      31.4954150776076816      23.3869184246828823       8.6724700030264632
      3.9192268728230593       9.5109421190255397       2.3801119043317391       3.7159406854319030      31.4418064128527810      23.3850037556434494       8.6136442653535603
      3.6965390571921657       9.5555447297707055       2.7414654008912822       0.5506694180897327      31.3896223436105544      23.3851023212235241       8.5666366698077354
     48.1350608105357338       9.5135821298887908       2.8008024765281814       4.6130222532722627      31.3369589619472642      23.3848924458179539       8.5201439390191460
     35.1180408032588431       9.2795389116564735       2.3994728392208660       3.7938789798120496      31.2842242527712635      23.3779040491855596       8.4504675706378354
      7.6754600355795510       9.2768083412502573       2.4210947093001054       6.1088902114912145      31.2299969766499039      23.3738434125702668       8.3900861766620860
      8.5879216042562998       9.5272877152192699       3.3357966702583437       2.2834870411445962      31.1800529605115138      23.3734712530665512       8.3595221129962880
     46.2011964302510449       9.2026528882707304       2.8217556221018403       0.7092257907009341      31.1243257897605758      23.3732266417760961       8.3012837677023796
     20.4602690582933704       8.9385052601814827       2.5413308998161517       1.0437575707713265      31.0705068819911006      23.3684028693106214       8.2111819982487315
     24.7396881925478702       8.9235739374109873       3.4381888096468605       0.1394114962116006      31.0218704480254495      23.3671290106413423       8.1342091305691664
     39.3585321211014403       8.8878735797437596       2.3318109679847270       5.7112325967953694      30.9699696528565873      23.3656321535680895       8.0636785548455716
      6.5323804997136277       8.7588423176429462       2.5206622807473118       3.6180974710498930      30.9198891346199396      23.3620903907359114       7.9838606134239090
     36.9004848774441570       8.6547638045063557      10.3691736727776878       2.6159682472410140      30.8690104905589067      23.3613397704335917       7.8998737877846015
     46.8855812998217871       8.5320335201565349       2.7876490911656000       3.0751732941192103      30.7763079447175052      23.3567029300351479       7.8088191414853698
     58.2432693241913668       8.6062023548186044       2.2530572883723843       2.5946245800644618      30.7231105549302654      23.3500090372547433       7.7445681812898615
      1.6364627532533851       8.3936277480599433       2.2688094083088211       0.4819042822967319      30.6762753814754205      23.3426368453556385       7.6566599675650977
     43.3266208008636653       8.3863967303021116       9.4776645534730157       2.7226830913626117      30.6268444899479277      23.3424618442560003       7.5824575267090779
      0.2410996429417276       8.3735917410303795       2.4011041789577310       2.3691376207591901      30.5710815644323723      23.3386673659520198       7.5173418548069098
     19.9328584793982415       8.3355289871917879       2.3339360316632973       0.1228963183332823      30.5213710083003456      23.3382001343970131       7.4558934309827567
      4.5507556151312256       8.3393721291971854       2.6196842315086828       5.6346071695055144      30.4747189852090443      23.3375528149245355       7.4025176300730324
     51.9047365396026805       8.3574834760687651       2.5687006369142775       5.8602785724995812      30.4303735408172749      23.3380307716728126       7.3568324209949107
     27.4922696270078681       8.1703182615498875       7.3865641346828221       0.7291803844366811      30.3837965313229823      23.3325211590975279       7.2947608046001511
     18.8741499600666458       8.2256203866381750       2.0859119638293042       3.3581564465769560      30.3213698751046365      23.3293411478466730       7.2466075504865861
     47.5062679054703096       8.0926453331511308       2.3119943577575355       4.2938839107576285      30.2747485977811266      23.3280015260988343       7.1887329631355197
     30.0163562020120445       8.0141213906897644       3.7012346709473816       5.5951169287048543      30.2316849946341755      23.3216504839332899       7.1282278433888369
     29.9444179414459981       9.8826753100652542       3.7280607169945106       3.1067294559382361      30.1880053396991244      23.3194391085279022       7.1274640870204635
     28.9334189733069636       8.5668604082110047       2.7124158102795866       4.4993606205155601      30.1122726629196258      23.3166024048701885       7.1119541542315128
     57.5350835798583162       8.0316601912477310       2.4809897393569202       2.8221379497611423      30.0588215621206416      23.3132720791274544       7.0626167786288221
      4.8391573013638238       8.0277839153625425       2.3230224362587739       2.4802695743258454      30.0144606347343306      23.3068565763274762       7.0179394706061036
     41.2468912105515884       7.8056749220846973       2.5406731997617413       3.2312603622033720      29.9722402198373672      23.3074567955185650       6.9523489768895432
     24.8113345963220198       7.6188049324819502       2.6515542389568210       0.3489297688159283      29.9291018410504606      23.3024685272883225       6.8675768638797337
     57.4081307649008679       7.5429312044406247       2.2901141730860957       5.4733908341343778      29.8779558323950489      23.3010423334249772       6.7843694259568856
     49.3929038795958206       7.5579919057565137       2.3122523017748056       3.9035656205435743      29.8370455400807586      23.2927220357414022       6.7167727809232920
     48.7037554001655693       7.6341555958568259       2.9031249489134971       4.6828693442569858      29.7977234610911133      23.2882787999807519       6.6671853280366582
      3.1254176759271890       7.5796808229189132       2.3022181661666044       3.7024756493322428      29.7476009744709593      23.2812536750752663       6.6170678695837495
     41.0402593088603922       7.4336577373103871       2.1490597941606500       3.0952357705739786      29.7059370547746049      23.2807634870513915       6.5554083836646582
     20.6947251354983592       7.4724636420478907       2.3251877689421243       0.2305256675847929      29.6662925559558346      23.2771514437336862       6.5057855787571270
      6.1334613063451284       7.4683394436567516       2.0510179071914569       2.1211474097347462      29.6234251298342990      23.2770695716341116       6.4608521159064152
     48.4546965670350218       7.4937142948705873       6.5430361510553414       0.7437894787965931      29.5847954273926668      23.2775138675949229       6.4223462574401626
     28.0543916504508282       7.4133767467552376       2.6531568557851615       0.1622787049075711      29.5082742661294262      23.2665282458769980       6.3801304792908198
     13.0634956258508730       7.3765180558336896       3.0219921953197968       2.8409172332233510      29.4593464907479756      23.2648270204218406       6.3384081641925611
     54.0792501981711808       7.2499343274933636       2.0981452217747614       0.2031225577323355      29.4125598796846432      23.2635846376603901       6.2881849645820065
     34.8745635336925375       7.2592312135754442       2.2449019322184456       5.5715535985849129      29.3749127612899805      23.2587852065020506       6.2440789120405409
     34.9706119238484021       7.3300854855805007       2.3692193858801769       0.3152656842815347      29.3358918290548516      23.2576563068249236       6.2098380583281436
     32.8977846074413875       7.4372134059102377       2.2455733208205158       1.8588880244190449      29.2944687166153912      23.2555830890097006       6.1848431636093162
     52.8136678671945177       7.3065145598165637       2.1639781040328478       2.0604871699600125      29.2559362001373948      23.2528714709976967       6.1532059659308000
     40.4703641466076789       7.3180979820012420       2.0040534362154889       0.4730017703353084      29.2181366441272132      23.2476980084844413       6.1244687843854457
     52.5041428726217703       7.1165278043661333       2.2958849642509849       2.2667950557791272      29.1804565767694903      23.2443852343632891       6.0823481921387659
     27.7246392804011386       7.1033089637340021       2.1489664639855888       1.5510532610190211      29.1400940075477664      23.2405924355217870       6.0428198053437736
     46.6331814895998136       7.0678954964560976       2.2358964459273309       5.6014966585401709      29.1028609345219103      23.2378399734366319       6.0036478679280449
     26.0856599676900665       7.1670479283641759       2.3767652005599431       3.3349948400921647      29.0657201400653094      23.2319930653143487       5.9748150136752365
     22.2050288089460892       7.0465968437737141       2.0664857041426274       5.5465842676834001      29.0209902387854051      23.2287204177587903       5.9394792601081354
     22.0804964097780925       7.1777381971794867       2.4210254898945784       3.9685506229928222      28.9851460644520706      23.2269887010117877       5.9150859283804742
     10.9301232185371742       7.0062021701239283       2.1655704942194451       1.5404430906331044      28.9433036623572200      23.2268965370421974       5.8812303835740947
     30.6350477139188087       6.8906655166543338       2.3806507856175720       3.3868976935103063      28.9081859665603886      23.2267756249109496       5.8406870684472043
     33.8425335776704799       6.9362563311048344       3.0009067650560164       4.6257117549596813      28.8682025705397436      23.2237554490295643       5.8071639025862289
      8.1645790386235220       6.9770705864333937       1.9384491922118365       3.3300037665524513      28.8260938417691577      23.2204814136141700       5.7787460949494411
      4.0105929434745677       6.9414599421734611       2.4983602816417543       1.9900419369208038      28.7908746475764588      23.2200897482707447       5.7498691484696813
     55.2655440486883194       6.9293944940387640       1.9480382277629262       2.2007145584923791      28.7549067252431421      23.2203258167819335       5.7220543094998693
     38.7015453286559179       6.8761102445862221       1.9221385647552669       5.7549450257409518      28.7204337941085299      23.2152015186762490       5.6926151879665134
     18.3441084218079702       6.9079950061699034       7.4045260382853559       0.5276692918071646      28.6852723005136063      23.2123817169612217       5.6669406232960240
      8.9655224136121685       6.8767074502549166       1.9273760165394154       3.7606050700326676      28.6382362771199119      23.2113099421279401       5.6409418815350936
     36.1592049193705662       6.7304646494521077       2.1507758170009712       1.2353604558286833      28.6031996174877285      23.2120321302654666       5.6069666673655121
     14.9882518458430329       6.6560674064394778       2.1964532495072651       1.0584153422189999      28.5687905579409538      23.2112205806330643       5.5698153327644464
     37.5145018761269142       6.5839707172799340       3.3423543991517057       5.9040599710622956      28.5345253081484209      23.2108641105244793       5.5296907072720343
      0.6991529658851875       6.6105426124729787       2.8431019119252348       0.8307522855905560      28.4831176633740277      23.2089598698017383       5.4950569836591594
      3.5354519717576967       6.5330057495493836       2.4213742956841990       0.5465218029115064      28.4456587155369824      23.2091890220284576       5.4569805007175223
      9.7763946909562041       6.6014582507987871       3.5240669987452162       0.9127912264469202      28.4113493683859808      23.2088032443102215       5.4269071644389424
     38.3950098553013248       6.4750119650302578       2.3162430057447385       2.8401433076999609      28.3763285675329158      23.2089960644695239       5.3896741348036423
      5.5183176377867689       6.4839130621869190       2.2338248013167279       0.2331103227209539      28.3401467329214185      23.2058029554634366       5.3560520886482781
      4.4243211865699870       6.5982146177959278       2.4212004190374623       1.3289298443908564      28.3049663394372253      23.2065399017975658       5.3318711420056770
      5.8111012639236090       6.6629658963916585       1.9836048488079696       4.0977348193176084      28.2704438838817396      23.2067756620215384       5.3120673653595807
      1.8449965359303442       6.4819356219000008       7.5202077584490006       1.7048157421561854      28.2370125438140036      23.2070115975609710       5.2836472148688065
     42.4748358832435926       6.4915252348522978       2.4623674810911491       3.3810922858013299      28.1758114000711011      23.2067096183214936       5.2575385711384621
     37.2641094203612582       6.6029831362054106       3.9717203912038150       1.2027782711796107      28.1403541229745819      23.2027047764444667       5.2383644695731180
     51.5054416492144895       6.4303223659708317       2.3142202383348938       5.2401760168916809      28.0963689113389030      23.1994257088499651       5.2113107593429495
     10.2759227128871622       6.4278133511029960       1.8683845211600389       0.0043736718892475      28.0595020862130511      23.1920200068364117       5.1857006706921620
     28.6658358101772244       6.4348645941433160       2.1488655259982381       2.9303215211314608      28.0279757472357858      23.1912223535622850       5.1618960705215047
     50.1531415091696360       6.2898295049145920       1.8614199237357243       4.6416393017919262      27.9930967973447871      23.1880902263722568       5.1306960772748278
     14.3192866748274703       6.2585161545717387       1.7583767195257418       0.2968034313183168      27.9622939057550965      23.1844000653453293       5.0994882405181725
     45.4576088970168612       6.2764134319100195       4.7341221106172808       1.1156949639646925      27.9311191300896162      23.1841916279074347       5.0715118062746383
     37.4257065658500139       6.1743992630787536       2.7423133116093594       5.0090223966602281      27.8835287214089220      23.1788689221663375       5.0385282834408756
     19.1111600565405517       6.1632981119735799       1.8690856555137347       1.2298445807667093      27.8406097122110907      23.1766880402004531       5.0071083101461005
      3.6152366152130950       6.0509196067043574       2.4473467423970638       1.7428161022310604      27.8084946521687151      23.1752032175375469       4.9695211407662443
      4.9988787355120552       5.9927312284595118       2.1581653527723521       1.9698920033099938      27.7702566853339903      23.1758725205755134       4.9301883508251585
      4.7259887324339953       7.2367752366752400       2.2030850392356260       2.5642335192517720      27.7399144886505731      23.1757281917285276       4.9280497850922673
     55.8785706031864322       5.7868167982141454       1.7718260393099603       5.9606269358390165      27.7007768982793721      23.1762732271490677       4.8717437399699168
     31.2921261702301692       5.7848598261145652       3.0584344645243879       5.8413398386527007      27.6728072209642662      23.1729890722769021       4.8216945016713906
      9.4620723526037747       5.6985866901781872       1.7721791710921715       6.0170163856870005      27.6378202944107514      23.1706196117089078       4.7675526095565841
      0.7706589051747378       5.5960823478137218       2.3265372649408147       5.5199640379717749      27.6092843948578626      23.1707788529072438       4.7074556854270879
      1.0748227733535625       5.6906309900438128       2.1420759715480271       2.7944818982235091      27.5758789178625605      23.1705943654379247       4.6645070646739093
      7.0338220377086333       5.6161870887997916       1.7824478617511683       2.0913276705526158      27.5431497575879050      23.1706793710954884       4.6184935894625436
     14.5110216464365109       5.5630733798196559       1.7743381642215588       0.1838101883570786      27.5159235066101715      23.1702964241683915       4.5717611614872533
     41.9597201012884327       5.6120942707874297       1.8378860274154480       5.8067391521961582      27.4885290237670148      23.1693705513468871       4.5338851761349144
     27.2205069621308766       5.6310331591326861       1.9444871257356469       4.4496467422052746      27.4610168884106756      23.1663536403078147       4.5004799840544925
     45.9933993698714261       5.7003819984098163       1.8500169160384290       5.6981836114044455      27.4307915459581473      23.1648981328964858       4.4739026066763978
     54.0389365524179723       5.6506148768499216       1.9259576408697012       3.0703098622091574      27.4022130994707283      23.1626500602495220       4.4459135805570273
     12.9557742727557912       5.6304707351167780       1.8372349832490436       2.8772017731155728      27.3731967941508643      23.1581014024110416       4.4184101225430865
     50.7495529483111625       5.5693056339781633       1.6975064983328172       2.9581558612465386      27.3447469417996984      23.1583097528058417       4.3887642013678452
     42.8623554711646619       5.4433950050550948       2.4387879394366623       2.3422650881241651      27.3181691967245719      23.1553102974740845       4.3520649723118101
     40.3350920482483488       5.4895457666471561       1.7491531441051169       1.4447799376924166      27.2862188041611233      23.1528071378525695       4.3215211899676103
     57.0160117882036133       5.4419907372278162       1.8297769766220890       0.7980000405898906      27.2587264217286958      23.1522037771584763       4.2898008840451842
     57.1391284637041466       6.0376698828845941       1.8395337782573773       3.3773749147133429      27.2327388712263136      23.1487118595632815       4.2821088475940625
     58.4555847533350885       5.6083943573524468       1.6969146933262924       5.7932186742162486      27.2032350694967491      23.1455787915948044       4.2620904876874270
     54.9385970123667988       5.3863737522832320       1.7259935401001634       0.8147515605763189      27.1767803234547252      23.1414490402586992       4.2306379201371902
     43.4181380306042612       5.3441351934935639       1.9738376693630337       1.3145044009564089      27.1505346531782301      23.1392036403842880       4.1984231845010589
     34.1935712178522238       5.3618410919311428       2.3255856307341665       4.2687145821458188      27.1213187682472174      23.1368869605035492       4.1695932154257171
      8.8563600149724859       5.3640341976297252       1.6680053605676062       6.0939524777691787      27.0865358560937430      23.1339147534260690       4.1426906785440147
     49.7600221037007415       5.3687228506866074       1.6964954686993678       1.6653220033752376      27.0606861941750125      23.1339667860277522       4.1176222917463416
     25.3405178792025687       5.2685927539617499       1.7415587149540523       3.0089242595770855      27.0349525345824198      23.1310566930709349       4.0879824079047644
     44.3735332114534984       5.2083876835185414       1.6668514697399195       2.8022703793888439      27.0083089877755462      23.1295587964403708       4.0562586138844532
     47.9903385261276583       5.1063518643455819       1.7104324657658456       0.9275495615532279      26.9829053922461597      23.1268317236686975       4.0191916010407578
      7.9242371745816529       5.0815693703031339       1.6346756837968790       4.0455013497906265      26.9573732863528406      23.1253325218247774       3.9831168961896042
     21.4163155759926553       5.0466871878790300       1.7511628696233918       2.8925997286626597      26.9330359874252068      23.1248181259452537       3.9471374119642908
      3.8512361911669757       5.0397566876704145       1.9717279225147644       5.9167133088975135      26.9070345065414607      23.1247403457949652       3.9133980330346705
      0.0000000000000000       4.9902974808367135       0.0000000000000000       0.0000000000000000      26.8774659494394079      23.1245595801746582       0.0000000000000000
