     33.8537812553088102     652.7865700212728370      42.4047274761968325       3.1794026604678010      71.4772295874545023      31.3024576094154909     652.7865700212728370
      2.0413194950102231     438.5646931192283660      32.0261623460864939       0.0476457555180829      64.5779984516456409      30.6428179536910790     438.5646931192283660
     46.9764543736376794     476.2582533439135091      31.0636851692186617       1.0023948256369337      60.4611216387374668      30.6450982094312820     438.5646931192283660
      2.2104353254247759     347.0800021189455720      25.0050784456737212       4.2507960755522589      56.2630583597241340      29.9744148284869638     347.0800021189455720
     40.1036449578623007     291.3718654278546296      21.6929697631646441       3.0430987462225829      53.4329779354393750      29.9747574687788507     291.3718654278546296
     40.1918868053037741     270.1476094218392063      21.1739427493451693       0.8355195750576101      51.1950546161887061      29.7350560046488965     270.1476094218392063
     43.9355011928419330     278.2677540804942851      19.5671094058450272       0.7908395291981876      49.1737375264738006      29.5249976444190381     270.1476094218392063
      1.2340524342630785     260.2138104400668226      18.2869268442233412       1.8307957891286577      47.2085372018157372      29.2892319048364911     260.2138104400668226
     47.2403358410257539     164.4385555332987963      13.6677620682519478       3.1051661409494926      45.4453002389532088      29.2890212944491566     164.4385555332987963
     33.7338601481101321     154.2820131797402325      13.3877650718914047       3.4130391088022378      44.3809777361250823      29.1491471923544694     154.2820131797402325
     23.6072078459307768     158.5975497488754229      13.6349177489754005       2.5233639622804702      43.3852704249225027      29.0844332929747225     154.2820131797402325
     27.2206975467428265     128.4615439822348435      11.1995312819811126       1.6830034187426435      42.4058676935519472      29.0539455230597312     128.4615439822348435
     37.0932214400739610     122.8357255651281292      11.1013026177762217       2.5757374109874007      41.6321558713812223      29.0194550813891397     122.8357255651281292
     34.0104360871027112     119.8646719858582799      10.5216817499898365       4.7246910356974041      40.9060500342547968      28.9635355675402515     119.8646719858582799
     37.3634522252542709     118.5131692852743015      10.4948736613248421       3.1134678421133657      40.1955910806778789      28.9183826159301951     118.5131692852743015
      3.4437633743906444      78.6559543080478107       8.2172851057878447       6.0913701861805549      39.5192198026979327      28.8696214490754279      78.6559543080478107
     28.1607179095037807      77.1259335877115575       7.9194265324225519       2.7954209996444632      39.0791432019333485      28.8693614189923089      77.1259335877115575
     20.6628710166170890      77.5297523547290979       8.2179564645592684       0.9928381113662041      38.6522019086551580      28.8520850359913865      77.1259335877115575
     27.1468625365191585      75.8146027304652392       8.1361758913523037       5.9887918153159063      38.2281085775802438      28.8442142343701917      75.8146027304652392
     20.5827452886533742      71.3861507973229550       7.9334354619038105       4.2473057023656082      37.8034595867418091      28.8293598407927156      71.3861507973229550
     28.6859468743497459      69.5831671600140567       7.4881839635917826       2.3614736438160406      37.3963777880960606      28.8205918818016471      69.5831671600140567
     23.0748913515337790      63.6846759481263760       6.9661537497339792       3.3999602941387792      37.0276874925052084      28.8074489359652794      63.6846759481263760
     18.7367445987762729      52.3895344958053499       6.2486141289392885       5.8176118906029188      36.6940836747566337      28.7996673883720646      52.3895344958053499
     40.9202873038890758      52.3275982876587733       6.3740096760721361       0.5397521715006448      36.4224648358817262      28.7962772365378505      52.3275982876587733
     44.2970413927294189      50.9691892987770245       6.1418838584829434       5.5763194437798376      36.1527295893948946      28.7729844786004847      50.9691892987770245
     24.4210554198508234      49.8512589377591269       6.1998677080086928       4.8222144649101466      35.8917127966661340      28.7465629353748717      49.8512589377591269
      0.8056427495351228      47.1291527830506709       5.6363386199018333       1.2719499838624841      35.6387336750551427      28.7404252196517014      47.1291527830506709
     28.3731623001973041      47.7346995344708844       5.8944284103226616       1.3519686900092864      35.4013033730717623      28.7397392721287730      47.1291527830506709
     17.5373654482217205      43.6399818424639250       5.4519547096305425       4.6109940388180775      35.1582905047183445      28.7297097520752693      43.6399818424639250
     21.6414626558918428      40.7785435839021275       5.0776479814946391       2.7068794871504878      34.9416055661752765      28.7256237177357221      40.7785435839021275
     36.1343969964509171      37.1702409154604041       5.0925014209127486       5.1504961399089808      34.7402743205144162      28.7211948468078688      37.1702409154604041
      4.2512594876135523      36.7296535513080116       4.8835352220858486       5.8519462662205370      34.5579803449169205      28.7096286552854281      36.7296535513080116
      1.8569563300234584      36.4313156430180101       5.1672359844548765       5.8338178123866129      34.3787793623820477      28.7093820649610230      36.4313156430180101
      2.1174021848126729      36.4839864580908682       4.7507429709263418       2.3828554909508028      34.2018443186037686      28.7093214675633988      36.4313156430180101
     38.5623062682535078      36.5838574178118563       4.9133534381117334       0.3151496350276872      34.0004949350371319      28.7097833243061125      36.4313156430180101
     22.5786078429969699      34.9599738034165668       4.6244238752703541       5.9152664646879458      33.8247724640197944      28.6981926048215570      34.9599738034165668
     29.2145026470317646      32.5671312677426599       4.8071276936387921       5.1651868582315075      33.6576820379446531      28.6942271625690140      32.5671312677426599
     28.9073172934514737      29.8251276472557194       4.4036682477692182       6.2522431882876646      33.5025517702853364      28.6895738189280110      29.8251276472557194
     31.0014991080801963      29.0515681090840197       4.5876246130512159       2.5647049028250848      33.3576973267454520      28.6835746822934432      29.0515681090840197
     20.3762951417673079      28.5003223070445415       4.3434544215617539       4.6886723510163648      33.2209578401982100      28.6784184564195499      28.5003223070445415
     31.1275979190087106      27.7673893220783512       4.2292246787418923       5.5412950695220644      33.0836876638922419      28.6762175733768352      27.7673893220783512
     29.8579956950738143      26.5253112558433166       3.7570300133213888       2.2360381031306105      32.9519779812899074      28.6698409193107189      26.5253112558433166
     19.1635091627888627      20.9180017340130711       3.4746651244459454       3.9972793897962191      32.8285697512769801      28.6643486358031510      20.9180017340130711
      0.9747515019195203      19.6750221153491225       3.6568786470641026       5.4762249190801668      32.7317097242664019      28.6629173113820492      19.6750221153491225
      0.3711965738790279      18.4311861265777281       3.6135676238704453       1.7778131278108020      32.6397538088673613      28.6627908710529162      18.4311861265777281
     23.6823668822698004      18.2246691214620924       3.6532038314283430       2.9193892553796985      32.5544986907836176      28.6627745734580230      18.2246691214620924
     34.9003702137348313      18.0036592440922121       3.1371252744300326       0.2383621084248304      32.4611348882101325      28.6610901253855559      18.0036592440922121
     41.1710956506394439      17.5418039615860692       3.0818901052005772       4.2608046763983083      32.3786656642682402      28.6567799339742564      17.5418039615860692
      0.6934440326599611      15.9594092397950469       3.7687582871828385       6.0341621455823571      32.2978419967164427      28.6512876312848341      15.9545897701910029
     18.4132723281558732      15.4611267494522320       3.0931495465257504       1.1158379460487637      32.2226491667248567      28.6514824425546912      15.3525297788630404
     29.6452078983814715      14.9586026975637729       3.5463677754259737       4.3791122583846089      32.1521248552063739      28.6506688162460783      14.8084617345127647
     34.6934933029078181      14.6143662674991983       2.8736658305917158       1.9656523363212699      32.0834747835041512      28.6482330743597906      14.3982872694237152
     55.2495916655594996      12.9685357574725053       2.7610445924372677       1.2466279125786031      32.0163746412026882      28.6445726424650537      12.9528560573820020
     24.0206719345029995      12.9440679301482930       2.7644045112588866       4.0117691904654720      31.9578817516403930      28.6372840815533429      12.6473077231576578
      2.2542389869944923      11.1500444767373015       2.9170958132165663       4.8576169901010218      31.8988265884898965      28.6360527343264195      11.1364364850673034
     56.3936152659123096      10.9505848633529741       2.4783472200851184       2.1916676208623329      31.8434086142085668      28.6357585139861683      10.7326150934334485
     45.5303765742948201      10.7884502269032705       2.4586546215967373       3.1747681681356852      31.7942557182399064      28.6293729700394763      10.4586058106559481
     40.2409154834131826      10.8613714907353618       3.0977101889963876       5.0825283838979232      31.7458779249748098      28.6246569831033568      10.3138510129662784
      3.6193365553403263      10.7940658447760356       2.4143014402353056       6.0197486466182255      31.6866429052057761      28.6205925360816806      10.1896839487206030
      0.6303229203438570      10.7339589441751464       2.7028266145073356       5.3736620485891109      31.6380647192977555      28.6205169160100894      10.0805854169391047
     37.9910909348811643      10.3822476027118906       2.5129854915866519       0.7986533370079130      31.5857938490759373      28.6206001229888187       9.9047049197129056
     61.3488243428499658      10.0338392467886877       2.5205775822200072       4.6510879833424923      31.5394764510753802      28.6177706464471662       9.6634601140006389
     31.9448339686632359      10.0411416410682222       2.3810981797897277       3.7388001859711011      31.4948967432130260      28.6110539859941859       9.5114468367540947
     25.5662811425697676       9.7104102575693982       2.1673696332005026       5.5651633231512534      31.4502522453988824      28.6091202986807218       9.2986028883807386
     55.0075302902498962       9.7125779262082084       2.2692455457462382       2.5310624123724637      31.4071924538358651      28.6080986728941795       9.1569961806952538
      4.4220669316588701       9.7248811715121324       2.2726127165927896       0.5187986651383696      31.3639944304715463      28.6031164400126841       9.0530326130923076
     28.7147558422448590       9.7542724034338590       2.5379236668931098       2.4821003802410786      31.3209428305148876      28.6028037378896620       8.9742288327139619
     48.1671839605989547       9.7308664565612819       2.3147823122867455       3.0056154389806551      31.2754486244137517      28.6012151045717502       8.9041426513012158
      0.2937066903632945       9.7012443087048048       2.5264701893839274       6.0149942317758160      31.2325021371589102      28.5973090047081442       8.8398529521872273
     21.2566799275865677       9.6820271295132461       2.3208056702082978       2.0387195430360379      31.1878301488096348      28.5967842570818753       8.7814944508169166
      3.0145654699357971       9.4965541345109816       2.3381959814712747       3.8328883659872162      31.1449959073526124      28.5956631782612440       8.7049537666788552
     44.2459623346219217       9.4430469679873958       2.5289170983913181       1.9457747284453006      31.1031184513427732      28.5955489176154920       8.6320531841660664
      1.0206091356248153       9.1338510758878755       2.4434261081208519       0.1031533412518044      31.0585486175376744      28.5918815364451646       8.5131534034938969
      4.0843965509246081       9.0659052373431823       2.2658572690235537       4.0296730587418068      31.0148530227414483      28.5921407261655389       8.4059237202670278
     50.7111695241837808       9.0867507086135273       2.0453058502196946       1.4537146531059051      30.9746222921486023      28.5918782663551276       8.3236655169252796
     18.9590105303431677       8.8533084792440953       2.3953511234615905       6.0361428680676710      30.9349658511166652      28.5879499508655783       8.2112738114560528
      1.8105826347542953       8.2872468561083661       2.7666503752275791       1.7632715849743335      30.8954093741851032      28.5874720712108861       7.9465711630729023
      0.1836341760123111       8.2215334203226771       2.1676596166414024       0.9341450129916709      30.8491533457020495      28.5875564891065146       7.7616156670272121
     28.5062366171593702       8.0162528633061640       2.3493849062860428       3.9262291224497829      30.8132738253502545      28.5875648983555273       7.5695031413412579
     62.1722123129986244       8.0544176336479580       2.1060146670783602       3.9345638618745369      30.7755371134806630      28.5860937271652560       7.4464996449742458
     57.9285930015348498       7.9699651480989555       2.1220412823650414       2.4057949857727152      30.7405718718375098      28.5807094151265133       7.3326916314785535
     27.5915845758076195       7.8847353032024534       2.0852506003194322       2.4962750214092893      30.7060386542988581      28.5755803649439954       7.2253069130133483
     50.9424862056352410       7.8564706165380063       2.0466381097406878       4.7460413997817597      30.6716268680734139      28.5745701299871087       7.1340637072349766
     55.6943724758625933       7.7831421427937491       2.0381690706095483       0.8103845318058163      30.6372411094080768      28.5709894155346049       7.0461589541098206
     30.4430034652436881       7.6571184963297130       1.9749658964737407       2.2989380263737047      30.6035718681192819      28.5670147086792987       6.9510143293997801
     33.2586914134956046       7.4778041683579763       2.0288449012506509       0.8742803020380094      30.5704386688522192      28.5659430334534115       6.8379704272418733
     58.0230601794909475       7.3196259167916304       1.9974273801716045       5.0273119475071582      30.5380813591336704      28.5650174884073671       6.7141608346491672
      1.5990786748803567       7.2406117652916127       2.2729365258349246       0.8608598833437142      30.5063040457661394      28.5606445910169775       6.6010392480404176
     40.8822020908392219       7.0152190333325661       1.9677456239520947       0.6977893948881544      30.4742905314735033      28.5604049510330320       6.4594895459290642
     52.0386128980985276       6.7984767271708995       1.9032728084322892       2.8560512251045083      30.4432202219586188      28.5587244466798680       6.2956857798751704
     18.8561112532619148       6.7262299068213975       1.8925178022829037       4.4007397764710703      30.4140462003420531      28.5556906640460824       6.1586262032511474
     41.4061157221522080       6.6090128298373063       1.8881778966289233       3.3970850338285317      30.3847396297320280      28.5553200688922288       6.0268480229033212
     36.4209749369137725       6.5615254292412306       1.8596269127696390       4.0700142532062245      30.3558723035613411      28.5528460315442700       5.9155992194228224
     64.8523895471366245       6.4950875747937440       1.8267278384408465       3.5018799597803962      30.3275998170994647      28.5509829240390438       5.8140801634755288
     20.2010015560374470       6.3627147286089345       1.8174156687772420       2.3979011850372416      30.2998557248552558      28.5467187920200622       5.7059464818698604
     27.7843323350432243       6.3186355444980702       1.7856600908224374       0.8661322412174783      30.2724750270368936      28.5462546424273036       5.6111417414221245
     38.3935653868179401       6.1905111164025390       1.8005538496282931       2.7749737583856557      30.2452763451587714      28.5453972396241689       5.5095979935764872
     29.7001947484234741       5.8191635198680443       2.0570923896808009       2.2052537000402452      30.2186109452104432      28.5438347405240158       5.3363337547309744
     26.5308730770193506       5.7758516009960630       1.9813632451026737       2.8253186707209323      30.1894304563972575      28.5430817827693950       5.2016850807791979
     25.6976765980736239       5.7928888976548496       1.8364690946781028       5.1313651240682958      30.1647861969562037      28.5422945625055853       5.1025825712439934
     26.3801971971174751       6.0418933212040651       1.8007036919286186       4.7772226260479584      30.1395386339940075      28.5419793570443261       5.0553089435308776
      0.4542308198828907       5.8046424064840245       1.9274253489578550       0.8139385195084330      30.1131285219765168      28.5409707401532593       4.9841269698673836
      2.3356747307523351       5.7121489637463174       2.2414559023725062       1.3389518019633186      30.0860770608899628      28.5409289286895138       4.9096554695231420
     46.8722635003339505       5.6080565194713294       1.7112820200118128       2.1542007649680244      30.0598734871913358      28.5409041508670498       4.8303802381472973
     33.9280408145800578       5.5732249755759176       2.0583873361635918       1.5747917776591720      30.0358691196656871      28.5386311478776307       4.7582114850773616
     22.5119057893095764       5.5181789640737531       1.8212756704035762       2.1625590451424586      30.0064688989056521      28.5375317348144293       4.6886210562184356
     43.1475109427137937       5.4903743468596451       1.6663283097855421       5.0263728419279943      29.9809318829518787      28.5372741407126256       4.6249696794987925
     61.3944971946305103       5.3951185764197351       1.9401423665200972       3.4835093904460308      29.9575102335938581      28.5357208500051556       4.5568721239061141
     54.1017460538937556       5.3743261768969433       1.6589478855439903       1.2883328902665170      29.9276782389200200      28.5318681658404216       4.4953284992603217
      1.3723476607707148       5.3754045409164641       1.7608298954031074       1.0743230274495588      29.9049365976470582      28.5293984692590392       4.4415594308410595
     39.4340335820412591       5.2805091466562404       1.6294421195338151       3.6605786756320384      29.8805734382378922      28.5291319776954886       4.3827961547839376
     37.1527189525086641       5.1716840988923023       1.8044093704600985       4.6544409078253892      29.8582122663357019      28.5276232879880958       4.3173695386863589
     51.4940365695988831       5.1373056759462479       1.6110624941120941       3.4874762652382714      29.8338023912231414      28.5261063986191097       4.2561542167573183
     26.8836063032319004       5.0825799730584151       1.6000528479960974       3.5160335518360597      29.8121353843041206      28.5240164918121941       4.1957869815505600
     17.9535083009743062       5.0564326451478943       1.5994657208731149       2.4736014140710694      29.7907031034017429      28.5233324277785272       4.1397116714998656
      3.3012112330950854       5.0584185355347673       1.6556169943740981       5.6366859958955757      29.7693655694929831      28.5230494617726684       4.0902702709048375
      0.0000000000000000       4.9946765866950598       0.0000000000000000       0.0000000000000000      29.7472457829242138      28.5233413599934309       0.0000000000000000
