     32.5539838760799682     384.4713760237162887      27.1881406993421706       5.8853414645617050      59.8700257786178227      38.4595260630367477     384.4713760237162887
     17.6922015517643381     269.3529651163158860      21.1738203064584560       5.9229508766928376      56.7895522128610821      38.2632756017403537     269.3529651163158860
     39.7576264692552073     270.6992718963289235      20.5416094840009151       5.4041808417144495      54.7588287131442755      38.2234578018122733     269.3529651163158860
     46.7902289434735081     239.6180569258973208      19.5422239600690979       4.6540850338117679      52.7907337825351206      38.0550276108280556     239.6180569258973208
     43.1841104063118451     132.3909649588611899      13.9519687887078199       1.7368806301513331      51.1148134701954078      37.8700229194224676     132.3909649588611899
     21.4183444638418763     136.3676994152301631      14.2142753456789031       4.2776973792991129      50.2246867935580070      37.7844767601982312     132.3909649588611899
     36.0152854800500251     134.4443327627742519      12.6246920694873719       4.4124069054435466      49.3235720733280161      37.7637897535376226     132.3909649588611899
     50.5332476927075191     123.3238926849318773      12.5299745411158394       3.3646745398348656      48.4511640718716592      37.7079164310211539     123.3238926849318773
     40.0132876478850079     112.1932688785969816      11.3431874654046343       2.1537257767179625      47.6656953784135808      37.6072568869205597     112.1932688785969816
     43.5655161623863378      85.2895670055555541      10.7842263752433833       4.5180169675789301      46.9618006665627021      37.5538584961788899      85.2895670055555541
     19.7566737003803574      87.1141970780283259      10.0513495064347893       0.2249044125585939      46.4340894492740830      37.5074011197627328      85.2895670055555541
     46.9906169874761446      88.7576225179254550      10.2516310427702830       3.3875918811593664      45.9034653501365710      37.4976028210488650      85.2895670055555541
     20.7311435847392609      79.7821293874362567       9.0322065867964803       0.6930004445696838      45.3609648966550481      37.4447575263785453      79.7821293874362567
     31.6791736690128793      79.0547466365002407       9.1885228069272884       0.5856998930196866      44.8861480614876811      37.4359088130270408      79.0547466365002407
     40.2246291782006296      66.3513082970592478       8.2921896302273748       4.4609100498549168      44.4207590674941457      37.4139325380678258      66.3513082970592478
     36.7722327797892774      63.1959330704254256       8.2437083438382803       2.6028579885662992      44.0298667453449895      37.3839381907637147      63.1959330704254256
     21.8778545048241782      61.5999932614019841       7.9881725895346909       3.6067075876983807      43.6654039848977931      37.3623595331566634      61.5999932614019841
     26.6609191684716222      61.9733740182993031       7.7433190397537972       0.5130413576064754      43.3125838802207568      37.3547320440540318      61.5999932614019841
     21.5184735548607371      58.5443213376829377       7.4532453842664150       2.9116682178339914      42.9611418610349958      37.3446224850037680      58.5443213376829377
     50.7181521623042002      56.1365579503980001       7.3733428650323916       4.2944196078517933      42.6262912620559717      37.3382761443205879      56.1365579503980001
     32.9657636138276402      52.5789602879223636       6.9716126380617727       1.5437841174555587      42.3119088734574404      37.3037960811653306      52.5789602879223636
     36.7178123283193756      50.2036584890482160       7.5206383456690666       4.2248787260671605      42.0207101306541730      37.2900970990479195      50.2036584890482160
     46.7132114780070324      39.1201533449875498       5.9602474459486450       4.8840813697518826      41.7201736502002447      37.2718096092239577      39.1201533449875498
     41.6409850199470384      37.6749904201520636       5.7633652882969688       4.1471624547323671      41.5042084187727482      37.2510935089641322      37.6749904201520636
     36.3877337963796137      37.9567280004953957       5.8017869491194975       4.0568922681907651      41.2996290861031952      37.2365826662847397      37.6749904201520636
     22.3273282201391758      37.3802826429826567       5.7300867409862137       4.8118671365576375      41.0931518451047353      37.2247615954920263      37.3802826429826567
     43.8681045021218097      28.8556413104841525       5.1681372747084957       6.2711522372752171      40.8915614880938918      37.2199648644562302      28.8556413104841525
     14.5577047815697469      25.6189430586617881       4.7196540514556542       4.2443001358245027      40.7367743371135376      37.2079758115923980      25.6189430586617881
      2.8044661087807023      24.8763829663107181       4.6741462143996166       5.0791229261825066      40.6004561779979767      37.2065567293427222      24.8763829663107181
     20.9127491404740269      24.7691994116464649       4.5969334974601841       5.7433415840985873      40.4685445771340966      37.2066337630633868      24.7691994116464649
     22.6648044754549360      23.3850783441491608       4.3299536708382904       4.8682398356816776      40.3371334067798273      37.2042257559145924      23.3850783441491608
     42.2907263596540943      21.5900955192415758       4.2271839233350779       1.3870299576213228      40.2137164405546983      37.2012994930143321      21.5900955192415758
     29.1784081112240301      20.5240385112817378       4.1108669316125823       3.7445999819959042      40.1002745932944009      37.1930315696316853      20.5240385112817378
     50.3749699067009260      20.1701425522803355       4.2407910160912365       0.6114670932386659      39.9927843741024702      37.1891146624851174      20.1701425522803355
     37.7620224765321737      16.6874052485080782       4.6464279439806058       5.1751356022044348      39.8870199197776216      37.1781154789299677      16.6874052485080782
     43.6669361037034491      16.4584766990290987       3.2882084119745332       1.5950698696090484      39.8000602825996097      37.1734736297092638      16.4584766990290987
     38.6943267435835949      15.6000637167422944       3.5620090456460769       1.5177361072403954      39.7123049370453387      37.1663441910919090      15.6535597745270216
     29.2847944954807531      14.5342604731802947       3.4711155930656443       1.5290404782993363      39.6313297939093161      37.1609002826597532      14.5074317388487835
     53.9650779180112607      12.8936490394330630       3.2404205452098980       0.0559390047658823      39.5559890000983998      37.1578817717930079      12.8830759650959141
     45.2156659523554367      11.8873168234974909       3.1384662559636896       1.3979444364797899      39.4894205226127255      37.1501401370733149      11.8455514746166219
     21.7125047691476354      11.4005833233422891       3.1238978709389955       3.3741787249221460      39.4281140258414879      37.1454781627654071      11.2673819667361368
     41.2267869829858853      11.0911176604177300       2.9174123942008889       1.3280879093347693      39.3675992058386299      37.1445808735636902      10.8693384479610380
     45.8432705520293666       9.7347423809535218       2.8218701907582364       3.8732796644965646      39.3104652339938667      37.1416503237118789       9.7040007187224315
      0.2600941569111296       9.4098944554476329       2.6550299688275980       4.3611615919196964      39.2604358459913314      37.1371475660369015       9.2314829873995041
     47.2036520084289464       9.2705315199621836       2.8120620545182220       3.5717880715440486      39.2122270011695022      37.1372347782333847       8.9495385353237129
     26.7566875108064863       8.7514467279270960       2.7071189949123986       4.9636660213203214      39.1640175801356349      37.1327271155328376       8.5382649149400081
     22.7201132431657413       7.7738060959683750       2.7183335092753307       1.9602065771016868      39.1189864050472309      37.1318303821852282       7.7048766154155359
     27.5406837496731036       7.6982863787216420       2.4674134640733847       2.0870439255507307      39.0756667970224285      37.1308127913508770       7.4005390060445766
     43.2339409511251986       7.4835043539822328       2.6932064273219471       5.2921943851009274      39.0363747850682543      37.1293741140645679       7.1390135392438383
     50.8159381624908448       6.9082487093117493       2.3678724252705519       5.8739763440879216      38.9950216846014683      37.1266136257372992       6.7074508628781464
     26.2443208935603209       6.8539735512197195       2.3239752576808375       2.1698353075610584      38.9592290254336362      37.1231174713621144       6.4735320872614874
     10.9222075745172749       6.8233123982103905       2.3319540946364956       5.6484075914975875      38.9242912469917286      37.1218183794471912       6.3130907325931016
     43.6239746875585723       6.7638170286664172       2.9725775584802925       2.9210983806463418      38.8896402424078360      37.1214954625658180       6.1814014009072675
     35.6029884230352565       6.1341085882764030       2.1911384001835947       4.7713449089408897      38.8470806230770762      37.1180685433553066       5.8560817194010149
     14.7228305139078035       6.0668436109038675       2.2103830152870452       4.8331584235914562      38.8159108766967478      37.1167439535990695       5.6477711580070880
     47.7092549744826329       6.0341035104475740       2.1901991822449087       0.8724531483115285      38.7849438866891205      37.1161850792964856       5.4982951556003972
     18.4595939611449893       5.8034476630101688       2.1536515262892184       5.1120574212303183      38.7542513189726350      37.1136902196696994       5.3235741803341661
     17.1681962747722707       5.8205899472564004       2.1272048826162142       5.6909233372042110      38.7248674803179114      37.1129707601428152       5.2035247852811866
      0.3702827771555102       5.6961803564861775       2.3400938722699447       4.7141183824508772      38.6953911246127404      37.1125985176061093       5.0824185084324789
      0.6678103862961344       5.7012608617453671       2.1558137609792625       3.1422775178264573      38.6661698739241331      37.1126034863795340       4.9888141835833757
     37.7459734652306267       5.6287646406835004       3.6071801709384417       5.8791369495064174      38.6371314268783976      37.1125770896626648       4.8992232373887035
     33.0226729303361282       5.4480223441883702       2.2358260006175850       0.4592343397183001      38.6042983129153399      37.1105282323173356       4.7911268770877760
      2.6383815080720430       5.3635967723213165       2.0681766464724918       0.0747552239138756      38.5743193738731094      37.1091165815932555       4.6881368415684506
     27.0743623828778368       5.2795962487903081       2.0246328787978927       1.6426399110480787      38.5472500669477469      37.1092036091347097       4.5890877269847135
     40.4298501106324863       5.2366969990267203       2.0470211941394858       5.1582631851391199      38.5204897726174522      37.1084459341445694       4.5009154436586964
      1.8455308022747541       5.1760093197091308       2.0034416503773298       0.6964553602613748      38.4936452585526396      37.1067768404557157       4.4176649611188274
     42.7768110099550114       5.1596306744262987       2.0048396538275703       3.5031194970418227      38.4675731096821067      37.1068069043350448       4.3453630741747382
      0.9733818424742178       5.1372690208898097       2.0038846035520188       5.8249662928081563      38.4415153374830680      37.1046437930407578       4.2803574963593967
     37.8328637126481411       5.0274148878933502       2.1813185223035005       1.2280680379611084      38.4154488127579441      37.1046760395755300       4.2088335482494834
      0.0000000000000000       4.9790299582482858       0.0000000000000000       0.0000000000000000      38.3872908011192493      37.1034194687503884       0.0000000000000000
