     19.8736168790256329    2496.8457710956759001    1185.0825509058356602       1.0893411621312268     997.3450658825128130     155.9672089140377409    2496.8457710956759001
     21.9013587985088272    1083.0706397509882208     422.1265769757558814       2.3595085668624023     543.7586609038156666     117.0566845263743261    1083.0706397509882208
     18.9882178073213801     576.5877268961022537     259.2395218279900746       0.4333724400879007     453.3668568089827886     109.8295692696568437     576.5877268961022537
     30.5887998450156857     442.9891564115172855     213.0115705226847354       4.3680445862758432     414.9449886126083697     107.6374900958542042     442.9891564115172855
     25.5702104751922761     347.7247020191412616     168.6406008865884871       1.4962320054312812     388.2158519797484928     103.9008531048881707     347.7247020191412616
     30.8982824098919444     296.0448519964751881     151.9384757510300972       2.4736977862833527     368.7292020291186532     102.0238109668439535     296.0448519964751881
     31.3556817316538954     240.7319337104992769     131.1145530732493114       3.2672412018348922     352.8969627271717400      99.9559106989554920     240.7319337104992769
     36.9117636016555153     222.7010259502060876     123.5642496793461902       1.1214389752806753     340.7025248333672494      98.3626534709598843     222.7010259502060876
     35.0914193337398217     210.0174095228024669     107.4499868530662070       5.2848951707322414     329.8515584946274544      96.4538629111749515     210.0174095228024669
     34.6785064641429841     206.4818189450266175     105.1285157132229244       0.7249692189600907     319.9527520370324396      94.8911261079414174     206.4818189450266175
     24.5091957235237956     184.5909308750176194     101.1509342621017282       4.3620845640601118     310.5054228491392223      93.5163931739184022     184.5909308750176194
     40.7573568990064459     193.6288377997838950     104.5877997885881854       4.3187659277521533     302.3275648761247112      92.8255782607286051     184.5909308750176194
     16.8451229095053279     185.4482797145566337      93.6668962473967355       5.8922294019628936     293.9734957544024496      91.2355558192791136     184.5909308750176194
     37.5371079741540044     179.6716470983075169      73.5686851368181607       4.5368605647875455     286.1971263787172575      90.9756535309292360     179.6716470983075169
     22.0736053261546985     177.4316886988091824      82.9381233277896541       0.1215613112529397     278.8623924400520764      89.7561322681090417     177.4316886988091824
     40.8493203944367593     183.9878440993477966      87.2497446691841247       5.0826240835206846     271.7564115997219005      89.3304986258103639     177.4316886988091824
     44.1513766812695962     179.0831248508895044      87.9023922285304877       3.8524660042660770     264.5911773847707877      88.0215442991817696     177.4316886988091824
     37.9576128983533820     165.9798473795045766      82.2557163766503123       4.6823026820259912     257.8357833750863506      86.5631455378394321     165.9798473795045766
     17.3146701807261856     153.3586748701295619      73.4153779239658206       4.5319106219742906     251.7382390778341517      85.5141291609568412     153.3586748701295619
     28.4613899895319626     159.0408463409509920      83.4958610195506452       3.9710873546485317     246.2311574313598328      85.3474499176184054     153.3586748701295619
     22.4652331685350681     141.8474551253060554      61.0034296461934318       2.7953392930560739     240.6558856195760541      84.8610073339791313     141.8474551253060554
     37.5832328969813574     132.2123549029520291      78.8449747746790734       4.4064323754922015     235.7715653750128126      84.6268145059755739     132.2123549029520291
     20.4919651671009220     133.9118554982369460      91.6889704016735294       5.7653161533142594     230.7667146797636519      83.8508363924803888     132.2123549029520291
     23.9934436978249401     106.5705638329102101      58.0705422867501326       3.9770707211339840     226.3729020574795925      83.6584210310064549     106.5705638329102101
     36.6442259922392424     103.8582811741177920      56.0864224317169260       0.5991776268440887     222.9485429629432076      83.4575232033954109     103.8582811741177920
     43.8291052211761425     101.2261848011649050      54.9052774603646583       4.9582618902989708     219.6594438401572233      82.9881537167613885     101.2261848011649050
     18.4772156501332816      97.7791657485640400      52.3240663307335865       3.6814356898888008     216.4985794419446847      82.3825404712359699      97.7791657485640400
     38.4696634438254037      99.2226257444579147      49.6647872131420201       2.3484495238065364     213.4954022948428474      82.2765503165004759      97.7791657485640400
     49.9224082732581422      92.4262076151573240      48.4450735881074266       4.8884780450810723     210.4886301224297256      81.8105561468796907      92.4262076151573240
     35.8637228749712733      90.7028619801409945      45.5720810528387545       3.6822135466557455     207.7325025929494586      81.1483182949129684      90.7028619801409945
     24.1777347620960761      90.0010664289401063      45.1605442106824313       3.0783469493674573     205.0600133140292769      80.8270220771136252      90.0010664289401063
     46.9976638036051924      90.5367858905417364      52.7353335780449441       1.2773032342213781     202.4424827821991641      80.6611052536148492      90.0010664289401063
     33.5358271287798573      90.6432952779994565      43.8098001804922532       5.1658915244236852     199.8459098835343752      80.1094827967459935      90.0010664289401063
     27.9559353713523748      84.0538330565200482      42.6486962788914994       1.0697648020671338     197.2779497525058332      79.8312529365190215      84.0538330565200482
     40.2095970216661982      73.4570846335209069      43.8620969318889848       4.6102576754113187     194.9289021387139655      79.6566972928017094      73.4570846335209069
     27.5375331038573670      74.4180250340858294      34.6475869614530367       5.7560868040507813     192.8974551763965053      79.3441142475809897      73.4570846335209069
     43.4058939714435752      73.7314841486643928      34.7700915881592536       4.3133781681010959     190.8610073005847596      79.1797442039880082      73.4570846335209069
     18.6072626343688654      74.7346600936442371      38.4143748901886326       6.1622514056412712     188.8665385236993757      78.8261936187824972      73.4570846335209069
     40.8059116402067374      73.7692389456967277      46.9751298127973413       5.9061636472086576     186.8242098319577735      78.7551850400051734      73.4570846335209069
     57.1983613999166565      67.2183263883125051      31.8344280625096054       2.6927117785146919     184.5219875029740706      78.4138722089799671      67.2183263883125051
     17.9902549635296616      60.0176658872917344      34.4182431205292900       5.7326580929710218     182.7679701474170315      77.9205389132335711      60.0176658872917344
     21.3175817865462918      57.9948142264182280      28.9899590627494348       3.8447137780370184     181.2113954866892414      77.8830384698764107      57.9948142264182280
     29.7303601056463833      52.5683078822776366      31.2941158405980886       5.7743763929664311     179.7200022899328928      77.8296107469335396      52.5683078822776366
     34.8326588705927378      52.4674467040391832      34.7934677791675853       2.2369520113118568     178.3838359801074489      77.7368883664759096      52.4674467040391832
     43.9479247960352737      51.9422129088600073      30.5445171194338272       2.3923154877323185     177.0182671547559039      77.6113867290623460      51.9422129088600073
     32.9721533717336186      49.3801007599630921      26.6130858343997474       1.3711608856231550     175.6626301127142256      77.3795051287333848      49.3801007599630921
     34.4402300506358543      44.8662309106629991      27.1959821361609890       5.7793645301915859     174.4346958624045101      77.2725288270878536      44.8662309106629991
     28.5886259134150862      43.8412552779626452      27.5270020982365828       4.3527578060805325     173.3099886755194632      77.1460735461732554      43.8412552779626452
     42.8369561999823105      44.1388080197683337      28.8491661494610376       2.8624373088298825     172.2312010029474152      77.0818572189426305      43.8412552779626452
     47.2435119612964058      44.0510901341491703      48.4568360134264680       3.2729442751208779     171.1554899273159265      76.8994987671050581      43.8412552779626452
     28.9403292051358569      44.6358450076885731      27.6515578703683360       5.1876312533471065     170.0901541059367901      76.7120000737644716      43.8412552779626452
      2.6995648432154606      44.9873771925822581      26.3766392232104856       3.0790704217054525     169.0146043689971123      76.6262946214073111      43.8412552779626452
      1.7814001116781042      45.2277173303924798      29.2269134493789693       2.6052463772014534     167.9410011618456622      76.6285278339303204      43.8412552779626452
     38.7848142044792112      43.8987622414405081      24.7019466134077881       4.7318098506132884     166.8676445243920625      76.6257533151052854      43.8412552779626452
     29.2768272264286118      44.1607796651810744      26.6716876502869873       3.8277969372632441     165.8231447629523814      76.4822716167642369      43.8412552779626452
     41.7061387684123943      44.9358101350413008      28.9803955411889689       4.9654830203711100     164.7857458848837098      76.4229438088862452      43.8412552779626452
     50.5225961352142647      43.8347002770509064      26.5770361010254526       0.5091191981430754     163.7368007104663263      76.2693873698251252      43.8347002770509064
     40.9034601436450274      40.3692858943872181      34.3527750971334527       1.5150148020023124     162.7228729269717462      76.0543024143305502      40.3692858943872181
      0.3218774044578974      40.3777645238266274      49.6248746548553044       3.0315788580185625     161.6488703021713889      75.9026568206755883      40.3692858943872181
     31.3105444716845867      39.8604968581332741      24.6386887058729265       2.3886986564669286     160.7271090267137765      75.9026644029387683      39.8604968581332741
     32.4381438377967868      38.5449186599144866      25.2680258590217441       2.5234618005982128     159.7812556736545559      75.8338796092398297      38.5449186599144866
     26.9027461253119569      38.2709973245937647      21.7801980920131726       0.0841474006395444     158.9106660619218303      75.7733152503806622      38.2709973245937647
     40.2433462894891107      38.3958426658598384      28.8011096618275886       0.6508043700107962     158.0514099004097659      75.7199442065187185      38.2709973245937647
     35.6312938403931696      38.6695668459266670      23.9539509213399064       4.3253938861364958     157.0729839908769065      75.6046062475057283      38.2709973245937647
     43.3528159333338152      39.0152806099038614      25.5945469358913762       1.0072196510830551     156.2005586175737051      75.4902217492761167      38.2709973245937647
     32.8188307313301877      39.3186836797362460      24.0593732872673165       0.0781778050680302     155.2457328557055973      75.3441325177517740      38.2709973245937647
     33.9413266897643950      39.9723041746193957      24.2886711872715750       0.9008162703924469     154.3561320361055778      75.2573536244371439      38.2709973245937647
     44.9027530556304910      38.0417849394898511      24.8748028651179531       6.1813270125035871     153.4775135668184021      75.1758515746033851      38.0417849394898511
     50.6351631568942580      38.0690796898713657      22.2114203072742988       5.7529655885499125     152.6515200623921089      75.0553304863627346      38.0417849394898511
     48.4256899592635506      39.0089334585083236      25.2072394970193940       3.8196966814050910     151.8128459124694984      74.9045731295237829      38.0417849394898511
     30.2066751999552849      36.4582465731497365      20.4765064179325478       0.3928661666671402     150.9763158024523761      74.7496249749961237      36.4582465731497365
     26.2614680135648193      34.3962541974941018      19.5918006738535055       1.3988977678366581     150.1917528072835921      74.6880105108885033      34.3962541974941018
     21.4690597672139916      34.0931562753632704      20.7031617903871741       5.8756834788562884     149.4610054992280084      74.6483703408041634      34.0931562753632704
     19.8339900683731187      34.5707517086159157      25.1169440029641144       6.0402637699349526     148.7198692159670657      74.6293387084098612      34.0931562753632704
     41.0203670339285793      34.6204732010260230      27.0608215389341638       4.3162171155620825     147.8850708190275327      74.6064079450257225      34.0931562753632704
     33.4488678728973738      33.5717145142803162      19.5560884393613570       0.2358342367318116     147.1210337776641381      74.5038883067958295      33.5717145142803162
     56.9294409971790287      33.2030466613509745      20.6014744283056110       5.7161246243247916     146.3899799371633321      74.4452225810669290      33.2030466613509745
     45.3805662064353754      32.3252530119012320      16.1238607254635369       5.5670007906349639     145.7040875043222741      74.2683888257427895      32.3252530119012320
     36.0429601310473373      31.6458961387505333      17.1638915991299967       6.0108410075968806     145.0374340827889341      74.1681518376140616      31.6458961387505333
     10.3432631078918007      31.7002623599652367      19.7055480043171052       4.0620137944700190     144.3862298506565764      74.1024134648082224      31.6458961387505333
     50.9376526158044598      29.7510180145328640      36.0420576093858287       4.2954354470769402     143.7404708263189832      74.0929872043603979      29.7510180145328640
     31.9251180482132426      29.6515540878680852      17.6020602941642856       5.0026746262067974     143.1318906319118014      73.9736796276428095      29.6515540878680852
     23.6879009835228729      28.2926061340978166      18.8390137828308646       1.7004755519867985     142.5307246583764424      73.9289121119288808      28.2926061340978166
     39.7408301285459018      28.3462264548950884      17.5492501508566043       4.2781463430203956     141.9545093591533771      73.9022464546187337      28.2926061340978166
     31.6489512619584161      28.4043879469846772      17.6193517222682559       2.8140870013797183     141.3832110101644730      73.8433361905917138      28.2926061340978166
     23.2905185021897339      28.1480313628752761      19.4730613814554836       3.6974464285361108     140.8090970397448984      73.8004662895973951      28.1480313628752761
     30.7408989687978469      27.3049268832089105      17.0777759027420082       3.2400335340119426     140.2458058494873967      73.7834232410977364      27.3049268832089105
     35.0253423496191019      27.5648172404895675      20.1478380346907358       0.3901015186077572     139.6774416270180552      73.7447359602219876      27.3049268832089105
     34.2628691932325964      28.0402429398287651      27.8687914567722252       6.1158874585140239     139.0690552730314948      73.6709794608419628      27.3049268832089105
     38.8610685162692633      26.0113266681833615      16.9977965308521100       0.4423955573677674     138.5121747068149034      73.6250348276710582      26.0113266681833615
     18.7709142406782767      25.8744291909365280      16.2230784297099788       3.0091292755735566     137.9496728105535226      73.5721476822498204      25.8744291909365280
     19.5677358692930703      25.8821181640135478      18.5845952033671011       0.7031532282510895     137.4223813145006261      73.5626742173879791      25.8744291909365280
     14.4701440607918723      25.8131752675157422      25.5878723758540119       2.0589743677831365     136.9092651133041727      73.5486666621683014      25.8131752675157422
     32.4923302890199466      25.6423793838123828      15.6267559089887396       5.1088288230433392     136.4105928994019337      73.5431468688363168      25.6423793838123828
     49.6240530664624373      25.6048833739277306      35.5685041636014319       2.4073048789344256     135.8520767484849898      73.4908103269203536      25.6048833739277306
     48.8715205525999963      25.4716131231480638      17.1369753314776680       5.2609658098275105     135.3564669405521386      73.4081472999777134      25.4716131231480638
     25.5305920268743378      25.5883341255124499      17.3831988206698824       6.1119846835113805     134.8690041501871235      73.3290653474436738      25.4716131231480638
     46.4270691467922987      25.2794997363431833      15.2821843399355757       1.9808316552210243     134.3339030123158011      73.3009511947760046      25.2794997363431833
     57.1207552885867784      24.6712247216918072      18.6678647054979514       1.3342422730768675     133.8537754023540742      73.2284831561400154      24.6712247216918072
     17.8587273080440170      24.8758898935333796      14.7998738276845909       1.6764932656208629     133.3247508726484227      73.1026227688429344      24.6712247216918072
     54.0858578601271205      24.8876305319526061      15.3816596447919647       2.8718983784258825     132.8423651344104712      73.0951572282806836      24.6712247216918072
     44.6756595459404267      24.7537924798372337      15.5674566614888459       1.5444613389102386     132.3759721535756739      73.0014714815006727      24.6712247216918072
     45.1611598296063335      24.9243006902373665      16.6009033051892452       3.5162487989930895     131.9056913376821285      72.9524041446112648      24.6712247216918072
     44.0369218629579109      25.3533636350212426      15.2668305297727507       4.3178548745984671     131.4332169359645093      72.8846046685847000      24.6712247216918072
     27.4741021662156335      25.2063565273661254      19.6898571606308224       5.3054949343107438     130.8918167827335139      72.8089300297376525      24.6712247216918072
     23.8101297527194795      24.5882697997360644      14.9290735269182626       4.6112422134086017     130.3747501355993847      72.7892156675119963      24.5882697997360644
     53.2882106541641107      24.8425083915810383      16.9421663224528380       4.8559439374569848     129.9142862788241359      72.7759953316463708      24.5882697997360644
      3.1071500433167900      24.7215905112270242      18.4601957742639335       6.0332027986856502     129.4589588420874975      72.6910364708645886      24.5882697997360644
     37.3863853893266267      24.7271990438482554      14.5883991477374906       4.4473162887209554     129.0072530281753984      72.6982108468567247      24.5882697997360644
     53.7747954217438817      24.8333317042326662      15.0958468567361681       2.9878671146055211     128.5264966278764973      72.6478996034879572      24.5882697997360644
      2.6212725755412567      23.8905658198518474      13.7248342073821838       3.5179881807146529     128.0696595159929529      72.5695587503348776      23.8905658198518474
     40.1549862931622599      23.3312897459989017      15.7398929555191103       5.1179234860076832     127.6273962742374124      72.5693406439688005      23.3312897459989017
     53.2393544741119555      23.0731658324078595      14.9680356245133641       1.3664361985996010     127.1717928482567572      72.5170965957551203      23.0731658324078595
     33.6341116846079586      23.1542325755529994      15.1817301467023356       5.8737483164494080     126.6973352554028054      72.4237299540975101      23.0731658324078595
     22.0419108840929105      22.5240612471882216      15.6784528085578359       3.4314070724706625     126.2759884526907257      72.3847148351257488      22.5240612471882216
     42.4997884546868008      22.6008456537807731      16.6782307255124600       4.2989380495330778     125.8469100234650000      72.3690300835217926      22.5240612471882216
     42.1887632352776407      23.2545238738123992      16.4796081039573643       0.0832426616200834     125.4435739646535382      72.3215990655128849      22.5240612471882216
     60.9020329986085329      22.0324456090101144      16.6491087807889322       1.5849978826720843     125.0258748738920218      72.2755288126066233      22.0324456090101144
     14.8766341002873936      22.1236952410271641      14.8312425151686345       5.2445639527771419     124.6374290425554676      72.1857079345580246      22.0324456090101144
     13.9747898709312164      22.4373674153978868      15.5081226207578329       1.6216305550026817     124.2473838425626980      72.1731852554965201      22.0324456090101144
     49.7952889085718127      22.3883727101775740      27.1307986183759304       3.5554234628855710     123.8533945133130487      72.1646046129760066      22.0324456090101144
     38.7453416050369697      22.2025474681137496      17.2417310286895180       4.6101207988743198     123.4566464525356224      72.1021746822083003      22.0324456090101144
     28.4978102384360596      21.8320147999959993      15.7892943037223894       4.4480825518315186     123.0489796064726988      72.0637997129456096      21.8320147999959993
     30.6309546722343207      21.8508697271202834      17.8737015373943748       0.6195698464383028     122.6206961090960874      72.0340233667324839      21.8320147999959993
     35.9706112266282929      21.6147507350502650      15.5690218521358101       3.6861950042132747     122.1721852095923566      71.9990914060679614      21.6147507350502650
     28.1979143463993296      21.4251253051599022      14.0066701134964546       5.9602757701266711     121.7494820776422983      71.9703230118264088      21.4251253051599022
      0.3739962628091769      20.6865683642751534      15.5989252278137993       4.0043744896750439     121.3649910898431301      71.9449762439623868      20.6865683642751534
     26.8239720499463807      20.3299609353633670      13.7584101130153407       0.1424908036809072     121.0081200232942109      71.9401568079524480      20.3299609353633670
      2.4686410941591599      20.1614886417528218      46.8881736957643298       5.7071212923381864     120.6123109696509346      71.9211610912021797      20.1614886417528218
     40.9972442925719633      19.6776403953859536      20.2492307768645254       3.5583871080364560     120.2676192627376679      71.9199219753616319      19.6776403953859536
     24.3855933859173568      18.9834492468434313      12.9598860693814188       2.6533338118518230     119.8622553502436858      71.8853834189051071      18.9834492468434313
     50.6778286604296540      18.7314417613898918      13.2239338298802629       5.1739384323785345     119.5273402839991945      71.8702578388080155      18.7314417613898918
      0.7040083904932024      18.7735748819831407      34.5134837235152432       6.1818183203418613     119.1994086751218873      71.8177883624267110      18.7314417613898918
     43.7955715931445724      18.3692726603192327      24.7096300109366105       0.6930688780360512     118.8800332471694787      71.8154380924030988      18.3692726603192327
     25.6388640947585920      18.4051146375009509      13.4195241475063956       5.9882741501983929     118.5240633516839921      71.7694603041206420      18.3692726603192327
     56.7762824068534613      18.4248783005838419      11.4890920815106128       2.0438077270066941     118.1649884434544049      71.7568404175786441      18.3692726603192327
      1.9857456975643977      18.3603608055049214      14.8800820256013058       1.3713277569861901     117.8522963180596150      71.6907259659639067      18.3603608055049214
      0.7831367291910334      18.8194864596483455      13.6567138335705121       4.6001584624130345     117.5404537892505488      71.6885337757874055      18.3603608055049214
      0.4859212990115602      19.4852081290779644      14.0706889296674795       4.0249716730880181     117.2020587549890109      71.6878591393715965      18.3603608055049214
     48.5754525624852889      18.5019717843065230      11.1818299313968570       4.2226976871082087     116.8579466886563836      71.6887444359090154      18.3603608055049214
     42.2518883748581331      18.2883746228620119      14.9754843194270197       4.9049807959439278     116.5435220191459251      71.6410326501325159      18.2883746228620119
     19.4352848897101396      18.0941848741817779      13.3036540549612923       1.4461516527356224     116.1772952505679228      71.5969193091031997      18.0941848741817779
     51.4561285092755298      18.1967878088839115      12.1320858857080793       0.6605218123389065     115.8602930090868028      71.5881992090312593      18.0941848741817779
     17.2772191948746325      18.0132602853487853      16.1043250873589869       1.9517252546632307     115.5604625646129477      71.5435099555487142      18.0132602853487853
     33.1071860687612940      18.0175245661811658      11.7084330147942381       3.7947691052161616     115.1722325409637762      71.5317628821525062      18.0132602853487853
     54.8646335824106970      17.7854926537782845      11.6133883208586290       1.6809596046935411     114.8659458691231947      71.5120552124771081      17.7854926537782845
     27.9905039450693138      17.5097496236089007      11.5117597935895706       2.3589784893686527     114.5770807436784509      71.4567513225128295      17.5097496236089007
      1.3064889421201498      17.4787884285459896      11.8292121994432957       2.3229729275338258     114.2828957588890120      71.4394312071855637      17.4787884285459896
      5.8065943288181021      17.3293507726619929      11.4192722743407131       3.7200872796295670     113.9992042239186674      71.4391264351741881      17.3293507726619929
     41.6098702429946883      17.0828561674720589      12.9959912512405111       4.6587672006046859     113.7204468640875206      71.4403931122194109      17.0828561674720589
     50.9488279741303174      16.8058649616229800      28.4197756554576628       0.4431353585771873     113.4436908970042595      71.4047424660441834      16.8058649616229800
     32.5857515151756587      16.3736433573451592      15.5974257270481100       5.2980614290766681     113.1569291812461984      71.3624598330821414      16.3736433573451592
     17.6225441808143479      16.1195961359225848      11.3052504303147217       3.6527066136243747     112.8422047499468306      71.3424645719057509      15.9545897701910029
      6.7506306833731449      16.1877979135861558      11.4361637616743526       2.0409092754255624     112.5762722239151543      71.3348744581017513      15.6535597745270216
     41.4245978865329079      16.2751567401942125      10.7036400554714763       2.0926572526935132     112.3187389479959251      71.3339456087149273      15.6535597745270216
     22.6979859824110406      16.1105763874269670      10.6993702772836308       1.4037218446740525     112.0552941501945412      71.3074107621610551      15.4774685154713403
     47.6189142244999530      15.8282800005783510      11.5734661196331707       2.8576024320266669     111.7960387695721494      71.2980083054562499      15.3525297788630404
     27.6428928638876066      15.7808286784164693      12.3865921176293323       5.2539568474069966     111.5455803763311451      71.2646599876145217      15.2556197658549841
     45.1036748874509783      15.4684586113567928      13.1153397489602028       1.5859698260449449     111.2901950534950259      71.2553470734185339      15.0514997831990591
     64.0785467064062289      15.2251669996515258      10.2025408100465196       2.3913753706204233     111.0138700092121269      71.2206474702121568      14.8406464178841659
     62.5453049969886408      15.4973385167873285      10.2567702992548710       3.1234812879177269     110.7756307426312645      71.1602995158022082      14.7504697875350779
     26.2042912274266797      14.9216772319594284      11.6794889883147981       5.5458680493660069     110.5335339075444523      71.1066190350864247      14.5232260060320169
     17.0266634339594205      14.7238645585946522       9.9992739970612377       1.2521473961954115     110.2754999304654433      71.0990594413776478      14.3111370937048150
     47.0625486779111739      14.6158293236166994      13.2941156350162295       4.9793879392294258     110.0417965783756529      71.0944703217935654      14.1350458346491354
     41.7755606934159118      14.5738657258903022      13.2421353298095550       1.9743581964997219     109.7489726136067247      71.0609336329147254      14.0003472607516777
     30.3609249101882774      14.5197001301824500      11.4541262847278702       3.6964523694535245     109.4853802666279279      71.0361510509208216      13.8864039084448425
     54.2023022651755895      14.2775078080307569      10.3240067995758604       5.9415379882755843     109.2471398917333119      71.0210446558075716      13.7371058259770962
     50.2899873117862057      14.3467017800747296      11.3466637480758177       1.5129411931978183     109.0231564128296924      70.9851295533998723      13.6407225498218505
     34.7574032353105622      14.3439381113974367      12.0554529777258388       1.6390699125025066     108.7942875085457786      70.9500107958273247      13.5618928169313371
     37.4263992738203228      14.5471419770806971       8.5165028435891941       0.8811575965467497     108.5152625436738845      70.9309906952361189      13.5184271231502464
     25.0853417153799931      14.1097290947010219       9.0408559657945791       1.2306450434100924     108.2807514037964580      70.9109210653768827      13.4192956501482321
     54.8977371130767793      13.6904292959026641      10.6054236758556062       2.3624749940484406     108.0634744682637347      70.9019137947210396      13.2327791549784575
     53.8275858817206938      14.2018717364534748      10.5885277774906470       3.6757887658953194     107.8408380618802909      70.8623480907734233      13.1881769230786041
     64.4871940943573350      13.6425113152998936      10.3246134951472772       2.4006836255487514     107.6002253196491552      70.8262685865751820      13.0575127669815831
     59.2182182963068087      13.2144535934042295       8.6607259744894769       3.5835964105265674     107.3921318460884180      70.7787123695791962      12.8278091931789948
      0.3105301561727627      13.0791008370244715      43.3441904033180734       5.8699795979340053     107.1919719915530322      70.7408292604038422      12.6344434840799487
      0.8794423268217728      13.8914390023158862       9.8121599419687442       0.4875921357564081     106.9456464674022840      70.7395787112640448      12.6109842620868307
     22.4517863116591592      13.2301883627474748      22.5953958442619758       2.7168107980453868     106.7268398689888897      70.7393935833766534      12.5174736771429256
     23.4990938505716507      13.2432245070691312       9.7823815457519245       1.2888130412159597     106.4804850063360391      70.7323891186107545      12.4427064092121284
     21.4348909513446770      12.8829353030583924      11.2902569058117397       4.5897025213110254     106.2746997223355123      70.7242935328786899      12.3082840899062447
      6.1145095960405076      12.8849442391250282       8.2290038763003910       3.1094673133687110     106.0547214034814232      70.7181686932706555      12.2061691477234344
     38.9570600233816151      12.2618465300267534      10.3303197656880297       2.3804873727552120     105.8599353785436961      70.7156509710084435      11.9320789197569734
     25.7369983302102092      12.2421650646878746      11.6566007834887717       1.5670488611633999     105.6574474840209916      70.7019277322886381      11.7589945071854771
     25.8084871361741399      12.1845267157718542      10.4719157609658442       5.3022252844724136     105.4547133757728119      70.6938634640980013      11.6205785814296547
     56.3158924776687897      12.1321067427041811      10.3739950910607224       1.0294550513593137     105.2193354148677855      70.6831953361616030      11.5039865944297457
     57.5292059410232213      12.3622792664705816      11.5885854578965404       4.2206258293647778     105.0383508263817163      70.6518038877331520      11.4476249808423400
     57.2927672014469138      12.9773210866983160      14.5667464980950410       1.4895077310050482     104.8539542070694637      70.6167306698918367      11.4349848852605991
      4.5345262393815320      12.1741174116830351       8.6081338280511481       1.7900998267707990     104.6526185235571376      70.5842371586710868      11.3622464356089594
     50.4471195775282055      12.1059890353417714      10.0063904568416131       4.6401681223126587     104.4729007085379493      70.5835956046158515      11.2902110832042659
     38.2218639633869515      12.1649786361992938       8.5656645367717861       2.2542265401119010     104.2725145543180361      70.5555998388489769      11.2358224374699525
      5.6923521205179837      12.1619608913755126       8.2137208864805658       4.0323328131983516     104.0904369068948085      70.5377511531266208      11.1871741475006328
     36.9669759211691797      11.9835744654872531      11.4961876314666469       6.2503361434988420     103.9100491572118159      70.5371993612060919      11.1227903585954238
     59.6586615420969011      12.0575621352717715       6.3002487896560959       1.4259562806239927     103.7263155557927377      70.5259545910431171      11.0750466313848612
     20.7157457171615782      11.8699845523382059       9.2747791987591643       2.3265105303565150     103.5497146441485938      70.4948429951742241      11.0104576361543831
      2.4763880254530122      11.7671382233133865      45.5500082131422772       0.3351316469145829     103.3725518449605829      70.4887150823030026      10.9403759499410320
     22.3030719917753295      11.7758927549328174       9.3937499167770184       5.4436695998204669     103.1225070581678978      70.4895728793520107      10.8811757158090590
     10.1963715832066235      11.7769547755894166       8.5901272138393221       3.6065487061189714     102.9363302461945295      70.4835089093167255      10.8292061097232963
     58.3049370117718837      11.8160236066755431       7.9009378364952001       2.4223991925303352     102.7599816374251276      70.4827204287640825      10.7865993576820856
     51.9455773258469264      11.7359068192640770       7.5558187629159619       2.1518659216947498     102.5876114180993000      70.4541915425282212      10.7403448138703119
      8.6015544210955177      11.7632330476991331       9.0964861392027050       4.4783535412773716     102.4166348573922818      70.4306926198221248      10.7009828376128375
     21.0279880684018003      11.6578940956300272       8.3366681907926079       6.0336385769092686     102.2464586685021573      70.4299026181898711      10.6554923354938982
      0.1851412256447297      11.6874485675280368       9.2843250554691465       0.3487878691990360     102.0731194363576861      70.4257320609485618      10.6169089254950233
     27.5879172307321383      11.6690214200700471      11.7540647916749101       0.1398484379263252     101.8884234870888150      70.4258195346171618      10.5800045442998414
      3.9944951713194619      11.5485740189264021       9.3658668589279959       5.0815152706394002     101.6690993152771654      70.4137882394864789      10.5356590424625018
     45.4374393155121652      11.4076260529350915      10.7208424105612554       5.1164423458588573     101.5027113596194397      70.4149887399334062      10.4809364132777212
     50.1792450564396688      11.4036704501516848       9.9093859841217800       5.5796262673296297     101.3189679078438701      70.3959015765380087      10.4319225778406732
     49.4195839510741948      11.4763945255622328       8.8515515076724345       0.9785544546996832     101.1513746188090295      70.3697809987707359      10.3943901251627313
     38.7172434470031419      11.4667636007636542      12.6409656242146049       0.6503857194423333     100.9828625110154263      70.3486853705068143      10.3591001620373397
     22.2006524862169101      11.3806117431835361       8.8887524211174362       2.1066332311441300     100.7948176017029738      70.3291418745907322      10.3196200415191353
     51.4274128483319544      11.1307038147287933      12.0187207925164827       2.9473607849852641     100.6192869353811687      70.3229939330072114      10.2572278919110804
      1.6820582592687165      10.7211156916551609      10.2264758927690043       2.8872964602217479     100.4439746847195067      70.2975178701593677      10.1289429908169755
     48.4947465086205867      10.7236898532125036       9.5153083099616325       3.5026715309416403     100.2876381033090496      70.2982567574245678      10.0305602752780558
     46.9792663176181549      10.7092100610112873      16.2773307854332643       1.5164529888555052     100.1176414408606092      70.2774263586192660       9.9479256663680253
     41.6755934746010794      10.6794369910329525       7.8720003436556709       3.8138455001228948      99.9226402972698509      70.2535787179459419       9.8740015201808813
     47.2220484616875780      10.8225408963321605      54.8666399602543891       4.7573183852567382      99.7351759527009847      70.2324975470331481       9.8276703968105004
     38.3145409225641984      10.6033886959879649       6.6308631012837278       2.8819579414614935      99.5524644646108783      70.2150804220263325       9.7603752365868441
     60.7341997342932771      10.5607631389341456       7.4682727641461053       0.5499813268636942      99.3952215592302224      70.2018253556981193       9.6965363282727797
      5.0897004083949007      10.3364357340279778      26.8479689901468070       3.1568977075133233      99.2463987235179843      70.1730075890319540       9.6069350825485831
      3.2931013197616918      10.3143617544829809       8.7253190972023607       2.4639856065207795      99.1010024985154985      70.1714597067145718       9.5291519072428574
      4.8913087260425314      10.3635123473007393       9.6826664874749948       5.9470480697035129      98.9546294896729677      70.1714128555503009       9.4698030820496886
      2.3498220011012725      10.3462339014415807       8.0111489925494990       3.2177133996504352      98.8085130501759465      70.1704329998878364       9.4156063140323276
      4.7512518838381768      10.4938371628151721       8.7228236074094934       1.9807187851677526      98.6567065731289858      70.1709233804132140       9.3807710692420105
     24.8529261576066745      10.3970976395162999       7.5036634708135086       0.6743462279067032      98.5012477235029706      70.1710473278971989       9.3408375638183241
     49.7789700157630577      10.3927532258313935      24.6525172337585410       3.6297083196171087      98.3529023000962042      70.1686812861846647       9.3039162143497727
     49.6324825944052037      11.1176671900000450      32.8193195722196833       3.9066798064216499      98.1701602003335836      70.1436957163706722       9.2972982760740681
     49.8654802036851095      13.4543726721694927      11.4554534141458273       0.3680069284840144      97.9702710221643116      70.1195790347214682       9.2972680650954018
     51.2140784225850254      10.7583198796204105       7.6305978867289292       4.5240974628889461      97.7059820142125801      70.0800123478016133       9.2824998589929777
     30.8491526801305938      10.4137330490387594       8.6880958660670426       4.8063707321037583      97.5495810271374637      70.0598809218483325       9.2515275536109165
     31.2174774279516818      10.2261278322208540      10.2264787647233675       4.9337594487208918      97.3779343895113954      70.0528713015890219       9.2077634501208490
     31.0613260854868329      12.1220581906288594       8.2748322645017183       0.2467092060926959      97.2240878763833081      70.0474698884875124       9.2072347583735752
     32.7300319698851823      10.3577138643436388       8.1745761223138445       4.8172715053281792      97.0359311749949143      70.0348700008046308       9.1775602297716308
      5.4871161852941608      10.2176152640648290       7.3492539707124545       2.4244157349151436      96.8765273436504941      70.0272983281800379       9.1396600288448298
     43.7834977984555849      10.2129071877513535      24.6178664754115530       2.1821238863761181      96.7340673713979129      70.0269510632780481       9.1044385697198997
     57.9365703265479439      10.1317242199222495       6.9398110633523986       0.0499209813518107      96.5338998440757194      70.0056215105729365       9.0654567748216230
     49.2191776549227882       9.8936347973861647       9.3086290482968543       5.1618094392081986      96.3931644311905416      69.9799739421587503       9.0053134269410506
     49.2750075384058306      10.5301669800185795       8.3300451448369408       4.3504755349188571      96.2554266641510310      69.9625223266498750       8.9925335993693558
     19.7316367000025146       9.7494850542386011       7.8402798756772860       5.0461821335096175      96.0842621210289565      69.9385121560063681       8.9224941697536071
     53.4082319959253624       9.6495465694098250      27.2113468472978184       4.0020218610355158      95.9440156957429480      69.9372382891337594       8.8478690305108767
     42.6611031398466238       9.6748345000282665       7.0497412058148168       2.2261610207045095      95.8100072079645741      69.9182523721440674       8.7875686839362182
     36.5857666663673129       9.6415225568791776       8.7369973084371804       0.1455999800330616      95.6735043070475513      69.9085810404071282       8.7306738855141575
     15.4173059741410228       9.5071907788156782       7.3904719468217825       5.8623524959746902      95.5248810509935709      69.8982369590073915       8.6634932384647296
     15.1341070938501634       9.5843188509237649       8.1799192550606943       5.9120382250892618      95.3959502379356366      69.8983944678178233       8.6142759434058682
      7.2471056011745691       9.5155530558998098       6.5744401600705080       4.3252095864502706      95.2653986335787266      69.8978227575622100       8.5629216245255311
      2.7707235954965546       9.5266024721386060       8.5045748293952403       0.0169239676127333      95.1371185567228821      69.8971540015406703       8.5180987902180156
      6.2396108628802942       9.3613364399171655       7.4493252148319993       2.4213492765250493      94.9854628609440965      69.8950568895982229       8.4598738515543577
     44.8183761562669787       9.2920013532399501       6.2538062071595704       1.8451276673134061      94.8585654936940159      69.8946421159448477       8.4002392431194899
     29.0323220278238949       9.2767664673438031       8.1172160188027291       0.2642465495830990      94.7276299001804887      69.8824973600379451       8.3460537886029140
     13.9066112286875097       9.2889285731687501       7.7009638134118958       4.8643056646599945      94.6000474033936314      69.8758410768348881       8.2991460433702748
     51.7055296288274349       9.2491060850199851       6.7115285656631496       4.2011552373935928      94.4601027047244060      69.8730670881374181       8.2529583983080634
     65.3428324729427032       9.1563231534035587       6.4877588004847482       3.2879981068602291      94.3315818587049932      69.8526194311723714       8.2018364006843392
      0.6968205112937017       9.1518375464149795      29.9701860715166220       4.5481237892266080      94.2095821705436549      69.8269787656562784       8.1556529023340971
     46.3168214295016298       9.0606797285947316       6.7529088623737659       3.3973141519293648      94.0572731031237623      69.8260274781256811       8.1047151571051046
     16.4932722724049086       9.0528631809206761       6.2766863336262597       2.1695616837953793      93.9313348170209537      69.8150884563133189       8.0583443531154213
     13.0152480524265552       9.0601151356327208       7.1113463220748345       3.2806801892059383      93.8101581789625243      69.8124108245816473       8.0171123506884161
     12.9410273808680074       9.0766302326504853       7.5058831398167838       0.4162665022106964      93.6896310827008989      69.8126979198680289       7.9808056623879473
      3.7359750753931547       9.1070248843559227       7.0874225179560577       4.2355976832753157      93.5639997044954299      69.8123467300798666       7.9494864118910007
     47.2070637307149994       9.1005756312844373      30.8419407006534634       4.8933445737551011      93.4424543525883138      69.8112173400559186       7.9198521762040928
     29.4659782731280657       9.1419022862511614       7.1576276809451747       3.7031254483793390      93.2705499382360159      69.7897827575520324       7.8945577072914848
     59.8761722484359282       9.1509680885415658       7.6890501736181633       4.2313879022315604      93.1474818936357138      69.7845648660400997       7.8711364269467774
     37.6427099352310535       9.0947381083132210       8.0647285339539430       0.1498483815324150      93.0241658616631923      69.7627488255926522       7.8459295943028398
      1.8058475653363486       9.0672412905382256      12.1599856530499597       3.7450493324925418      92.8718785312555610      69.7487075434573995       7.8205933118401205
     23.7333472026841115       9.0721821711891906       7.4219301917390812       5.7680474640126960      92.7290903412370255      69.7477867541334149       7.7969175584007200
     71.3470998711604523       8.8873882837440217       6.5342985581653421       4.0896553380355698      92.5824367002865358      69.7451014243274585       7.7630135298487435
     42.5668817968154869       8.8678006430053262       5.7349928213591923       5.6674946847104621      92.4660522657558630      69.7169001122913983       7.7301683876781517
     53.4019775941758610       8.8901056174773156      26.0431573077026250       4.8714481444533959      92.3340225443043323      69.7075751949316498       7.7011122410948429
      3.3837552371744297       8.9109116641389061       7.1968635777813903       5.5193107105599921      92.1784352482880820      69.6854619602139849       7.6751153383561199
      5.0176076677240999       9.0349181389887860       8.9467406069946076       0.3128555462774827      92.0551222358883336      69.6865143075283981       7.6565515525828092
     29.6810986750276413       8.6451509624010487       7.7586263019348651       5.5228532615777368      91.9101656549283064      69.6858897841601532       7.6141099950904589
     39.4852368942841210       8.6642129402345507       6.5918853918063469       1.4360274095218273      91.7817861533692962      69.6800082590125811       7.5770406535671189
     18.6952207724333803       8.6556008931588604       7.3781630083250871       0.2587016186537809      91.6670666229065461      69.6739176137844964       7.5422307469716916
     20.0154033445785657       8.5877201467680582       6.8514147273300781       2.2852419463290943      91.5382531964167754      69.6721763526601734       7.5047821077860934
     57.4791639829464245       8.5733846810204817       8.9265933957019765       2.1012105827233398      91.4205942583076165      69.6679597054399267       7.4691970473278149
     60.8342757064656183       8.7904675490989455       7.5107852766814265       3.1880364247538608      91.2740895967986461      69.6421968379988385       7.4489504888019402
     45.2786988188334334       8.5038470173924665       8.4375538547446354       1.0253193345363840      91.1523765723002839      69.6170953017199565       7.4122713499722250
     50.7764376553850667       8.4302197869387836       7.1769911826818911       2.1124452881761471      91.0301699715039945      69.6032315613263819       7.3724800334712253
     61.6925255014784923       8.3898625511830893       6.4198338316794157       2.5130398200765711      90.9107332506240624      69.5865621660016558       7.3326391422100254
     54.3139154110043521       8.3090817861668160       6.6147525441766897       1.5296204083263518      90.8019233314883536      69.5693443230362902       7.2890512914608774
      6.5634672343148504       8.2829055488892269       6.3744256677584215       1.3549998956062126      90.6894564636416334      69.5520363898532423       7.2470962964199526
      8.1478637912852143       8.2485860413741108       6.2227665014345037       1.9114596586426131      90.5820441390587945      69.5510407611371022       7.2058388336349219
     31.8701568594925675       8.1024976428001363       6.7370308470719937       3.1430716234665823      90.4758486422981747      69.5505368088631855       7.1539670175815875
     25.3221372689140374       7.9545569926906490       6.5791410978265050       0.0192234854715068      90.3580657869755726      69.5451989550012541       7.0901556526966374
     56.3732036864652031       7.9331294762958189       6.7654715726639072       2.5799027500382152      90.2506659160898295      69.5408253777123235       7.0318976145735324
     14.2463660992647423       7.9710780868316293       6.0814075609615754       6.2593447150043886      90.1335402838936659      69.5199698737211662       6.9846101991927094
     23.3608113147720609       7.9383037210697198       6.7978142011187188       2.4102159880915650      90.0299781548238087      69.5194699524956832       6.9387977833079564
      3.1543772640514698       7.8545607050892920      11.4460478870825639       5.8013813684827511      89.9103488437288831      69.5174684777800138       6.8890352456464647
      2.0657321450782002       7.7240497707207547       6.8261738132248189       3.3181763342056882      89.7917278018277898      69.5173930669605369       6.8297699885820702
     23.1792203171337015       7.7018032772731182       5.8931848778310609       5.4748254036724830      89.6791983913527559      69.5166278463125593       6.7750550035882950
     51.3457131575283441       7.5198131803686881       6.8806005807228594       2.3833926659483922      89.5791317152254862      69.5141674430237941       6.7031776877169582
      4.1672586957823201       7.4845405016532469       5.2758310838134816       0.1992078206188168      89.4683345316402381      69.5013514831490795       6.6366882534286589
     39.8644657495395762       7.4831244499167680       6.1241844126867333       4.3592467674227890      89.3705585514234855      69.5018837291462432       6.5788633630678044
     12.3846523249285738       7.4096681246208620       5.6546283982857153       2.3539249070729937      89.2689544333581182      69.4936278613769076       6.5190588327290842
     56.5959212363388389       7.4067196485461366       5.9348238785667489       3.4915136341644910      89.1752007804915223      69.4924950132771073       6.4661646533173709
     39.5944948556465022       7.3712939078092443       5.7438175829155229       1.7478815199704485      89.0786712441407644      69.4759234808607431       6.4152382602735569
      9.7065075504987384       7.3047785682594775       5.6262412926026322       4.1965337324420915      88.9820614781554440      69.4686857578348054       6.3625591914817639
     44.5036774572196521       7.3079199829424359       5.5356353411456940       5.7711556541815554      88.8900025622897942      69.4679249754928207       6.3159053298528995
     47.5260148069140484       7.2725086796386105       4.7644950986037280       3.5538228311982465      88.7951267884667459      69.4612595610832244       6.2703833675118332
     21.1996580173459641       7.2767317466319215       5.9647133752594232       4.4646058509008952      88.7025854765380330      69.4511765475107268       6.2295640092577340
     55.2480678874578288       7.1736467509551334       5.3685506079341572       1.8649414701051654      88.6035520446376239      69.4502048533810097       6.1827798057314016
     33.3888622427134578       7.1785594785760036       6.5681954597253931       1.3211636898470687      88.5125263538193678      69.4353698191832365       6.1410017813992184
     57.3189638622948081       7.1486325860624884      12.6459637702363565       1.4141402804073522      88.4062113109070964      69.4303937997619727       6.1002973198939641
     50.3373763616693992       7.1987962124399587       7.7958856883147449       2.8662194483388674      88.3037391596729293      69.4160388616930675       6.0669910854546130
     63.3254764841006832       7.1408638008820544       6.0357872763678984       5.5763579062962236      88.1706904752828393      69.3991476009418307       6.0318183479578691
     36.9873570599381480       7.1399977689245979      13.4284753242208179       0.6671738549578592      88.0815710657128790      69.3814123389747692       5.9992194377917878
     14.5949696169927172       7.1340655781771254       6.6644087926420479       3.8432103379512199      87.9719861314940061      69.3722068877551123       5.9684949311457300
     20.4218879591181235       7.1260255290647176       5.6738430912712827       5.0723515709590430      87.8794707197860987      69.3721377628949654       5.9392826652797774
     60.9598354330727830       7.1264166922535246       6.6679819731252712       1.2403313143425265      87.7798958082711209      69.3706045678207772       5.9119359797801314
      7.8161523289002908       7.0941811368712857       6.9884598257830577       6.1323860367607068      87.6759747044989552      69.3521336021820503       5.8842893634552489
     12.8914179910935669       7.1289910383905077       5.9231012393003946       4.0795776670041022      87.5872066375167719      69.3519748157028175       5.8602454772718691
     46.8696049012728935       7.1362398893032761       8.5249006376087699       3.7171799616829020      87.4892497868723922      69.3508722949428176       5.8378307361255652
     41.8712145869549772       7.1784445795683842       9.0033662025325398       3.3267779286309604      87.3773152792919063      69.3402122790921140       5.8184468065248431
     28.4365199357147809       7.0394150123708137      19.5655887066312602       4.4345452532345888      87.2710628141570623      69.3321495363660887       5.7930910888508240
     44.7195769966092271       7.0964037343183239       6.9441841799410353       2.8782943002936889      87.1051644763722237      69.3264659116089206       5.7720102489235483
     60.2333729265445328       7.0959701182667514       5.4504292172768496       1.4804626176613027      87.0083485463686230      69.3164600843302026       5.7518858619494093
      5.8976744462003206       6.8220398467284209       5.4310383804824864       4.7300522071075903      86.9172511696712604      69.3024312242577594       5.7164227102761398
     15.2101204813257560       6.7710438654263614       6.3331636621915166       1.7383471063933911      86.8282765843452751      69.3024739382469619       5.6797213291942192
     45.0420582338836510       6.7510296585723646       7.5264325058835979       2.4012778243689326      86.7353112484445745      69.3016706396465594       5.6443485919881722
     45.1926513444419911       6.8992209371105826       9.3999720169965055       4.7206075748602672      86.6237716269181561      69.2898944151196616       5.6208464777754727
     28.2400489815036515       6.7510699369586913       6.6129505881961190       0.4423050627904601      86.4791315874407474      69.2739441361951833       5.5898047073121706
     48.8153635784696220       6.7528413117525670       5.8958260672831377       5.7569988827652452      86.3842732250436427      69.2684124323530170       5.5609485416846773
     55.7967863654619975       6.7899888408410192       5.3409326361711180       4.7362736126581950      86.2856628189945809      69.2580434767057369       5.5360466477017285
     59.7303712902132489       6.6908925449417547       6.6379199552834747       3.0188244215153617      86.2015190639830706      69.2456189504397486       5.5066592848332814
     63.6423629531207666       6.7431050291633783       5.7946367778448895       2.8763981299182859      86.1075883047998474      69.2294934987747865       5.4821667686075584
     41.0707100282295983       6.6011431452080940       6.6037152524010212       0.9656198506220832      86.0238337226430900      69.2155395553741641       5.4503397601491725
     37.2515701029355455       6.5542673637980071       5.9311744565264233       2.7079761989355546      85.9232672341051114      69.2099070822415854       5.4174320676472734
     41.8014208930728799       6.5582242503500190       8.1456307196553812       3.4710767609706608      85.8333117409335671      69.2058798144260265       5.3871111859255727
     42.8846867295873864       6.5950866627227356       7.3143011336651780       2.4965169045665760      85.7281687881514074      69.1968728478065316       5.3610081998692491
     22.5372100514065785       6.5681369961436040       6.2080614225916051       4.7578281929803126      85.6322079668566829      69.1864703209888035       5.3348557848624019
     67.8405561361395684       6.4568810396572145       4.8368622550337239       0.7671997707314446      85.5351653335343656      69.1814987536186976       5.3032435600002064
     52.9492295074296209       6.4590334673519330       5.4734522265947998       1.4876612593782710      85.4556967062955266      69.1643173904551105       5.2739179579322073
     62.1444328004116215       6.4920943013649994       5.2002574931623498       6.2659298625854518      85.3753610498893778      69.1549460526519510       5.2484035212875444
     34.9107068560717053       6.4446115164530120       6.3526569333958305       3.4341926127729465      85.2952604096371374      69.1388495659817721       5.2216053067032009
     18.0378390661683135       6.4357655072108217       5.3260245056436455       4.3762543874675401      85.2074049659993307      69.1352894942787941       5.1958607372826187
     55.5370735330420686       6.3643653751053257       5.4235971955525146       3.9126456104625476      85.1249577427896185      69.1343397967016102       5.1673541230656381
     53.1648719359496909       6.3949680964744946       6.9177531624175366       4.4807141379626927      85.0469269027781394      69.1259752958220730       5.1423727209354100
     14.4590306061785885       6.3745786713550991      15.3602158711875525       1.2352743556387367      84.9494807394905393      69.1162627384082526       5.1176467368431009
     40.5072921208609174       6.1294542779936672       5.2531570446040146       5.1926424752067106      84.8474046323460271      69.1159533097816023       5.0773145908589461
     51.8282020260849805       6.1248492758466684       5.2635416103554951       2.7134715048071456      84.7645676411424773      69.1094561708772517       5.0400348575927847
     11.5470947739920895       6.0885229976753719       4.7696009348966726       5.1575968558511960      84.6854366218896644      69.1015218165205454       5.0028335021034778
     57.3456136730451789       6.0860908072045339      10.1477878393035805       4.5586421673126978      84.6103888648687388      69.1003894075453218       4.9683839132825884
     46.7580994988942393       6.0908565547158027       5.2128107925708491       3.7029881145047483      84.5260766690714149      69.0895040236410125       4.9368032683299354
     64.6147979480991950       6.0873922080857890       5.1756262893695473       1.5999669431023875      84.4480446460907217      69.0796398135778134       4.9071363489321334
     69.7429435194658822       6.0412633529336839       4.8463073587536893       1.4099481136784533      84.3711672712543077      69.0637828977856145       4.8763630245617131
     44.3254324122441759       6.0322091907366975       4.5972483812728893       0.0098887228617102      84.2985580753188088      69.0476746599046294       4.8470413315853431
     47.9486888837802567       6.0353140821423681       4.9176865560504517       2.9403282633923453      84.2203849532312887      69.0383849308393138       4.8197643985887897
      0.5298759643527376       6.0012508363364319       5.9335003769401382       5.6253034451004424      84.1461537256878813      69.0323869623589559       4.7920713234674235
     20.5038128496316183       5.9076501074287444      35.0853101972278623       1.3685591344677022      84.0619303530838806      69.0323171027814340       4.7600037515856366
     30.3321454231725482       5.9019621422052806       8.3907172191170893       5.2384648476921285      83.9774333514500029      69.0308253298897370       4.7297618106200670
      3.6782552567650835       5.9088845250333897       5.5427366501209594       0.6121658556751797      83.8502424066100218      69.0279983302329896       4.7019224367255372
     63.9482704866055656       5.9067310199196230       4.9728808077012641       3.9623032784495962      83.7660205179997632      69.0278540666549674       4.6756344804237475
     40.6995549650498276       5.7962671621143995       6.8495745038172489       3.9784640870114316      83.6921008343581576      69.0166349212755392       4.6439248497124010
     13.4911141225737872       5.8120800027400268       5.0415509610418177       0.3562861258345080      83.5977853919958136      69.0124691551794740       4.6153964749716954
     51.0137290431069204       5.8134735472361836       5.8355222935400244       5.3408740378993826      83.5272967995751827      69.0109107071963024       4.5887103613410503
      5.0992041919186484       5.8192836623579094      23.3460525411682340       2.0616050886440433      83.4431856013564328      69.0032539468811166       4.5638943085094832
     54.6235081748314286       5.7725587496971684       4.8673453925459809       3.4636811108851333      83.3447082714112213      69.0032162627685466       4.5378320690669103
     13.8315578525438720       5.7975955321522736       5.6460820094747630       0.5201303807501105      83.2647365861701445      68.9927930980250750       4.5145868412615826
     36.6960982776594378       5.7488235537778127       5.7922469167514938       1.3273183512049371      83.1871535893605767      68.9916895996578177       4.4899735576520614
     43.3163519677270443       5.7574706983452595       8.1778385736933625       1.6270800306941027      83.1049865415657791      68.9856608541891489       4.4671280767975263
     30.8218099955098488       5.7654826800994181       9.1825636526026493       1.4698500992511043      83.0037334750977607      68.9774636529331531       4.4458117132239998
     18.8981120245545462       5.7545366509919615       4.8402718604799144       1.9661965601974742      82.9048412427544434      68.9744521419253687       4.4249864932858811
     58.2002394597118951       5.7012762923806655       5.2266070825044277       3.7812582055978936      82.8311408039896122      68.9720288365180352       4.4025873965097224
     57.8219996881803553       5.7304109829936296      11.0423859052923525       4.5174221692780492      82.7630490093462612      68.9618574207825361       4.3826379598091290
     47.8521018416080324       5.6591761074750195       4.9909950922109090       2.0914496001917513      82.6906336974490017      68.9522793032698615       4.3602514277182269
     28.6921641014571094       5.5654267077049715       4.9565932666191728       0.4344622373558238      82.6203654033068915      68.9460343807737388       4.3339856063418898
     52.5920084829892076       5.5506995352303834       4.5827934037987816       2.2618790287654491      82.5512739952813206      68.9452759369006571       4.3083886162884637
     44.1931501490969580       5.5097851528438300       7.9175403474522232       2.9652849757169832      82.4854671241089221      68.9357511704483557       4.2819002645273567
     49.0993177869594604       5.5678634935163096       5.1554358477671167       4.0110285399189678      82.3886493065633658      68.9270127989477430       4.2599826396681486
     68.1591788431614276       5.5641998861355608       4.6526676208972626       4.7990175018406518      82.3177975716522496      68.9197724604135118       4.2389457138285112
     19.5572059343499625       5.5183611562796626      11.2515454482178541       5.8659670046088905      82.2517247492687034      68.9047387300265797       4.2167036380271412
      3.0877408155021344       5.5160992677682801      10.8766931709437120       2.3185180390376416      82.1762184788006067      68.9039253696618630       4.1954376325207434
     74.4829621709995990       5.4448480876504597       4.6069928384832552       3.6952002397213590      82.1039055761896179      68.9035952533575795       4.1716475033136051
      1.1905279066754189       5.4453549939982393       5.4971431291985668       3.1620648562568903      82.0400735273774586      68.8891624005844534       4.1491188844990781
      7.8827037764584116       5.4622274701505207       5.2360444687793324       0.3079400103836676      81.9731330331185575      68.8888473652536248       4.1284986311519241
     13.6820180015591504       5.4022890640522405       4.9746547305795854       2.2876837460628821      81.9002317906299879      68.8892739816743216       4.1059743592569653
     34.2526089853854430       5.3983170744415263      16.4234656500558565       0.7377351677371777      81.8314700016157275      68.8878855959016079       4.0843690672897290
     53.6314787820319694       5.4031940672394985       4.8587416686541065       2.4479064896061544      81.7434929807315456      68.8804566933805376       4.0640124558861759
     48.3169244485809131       5.3950988521870062       4.6630197621550087       4.3920108585792121      81.6750200723087545      68.8734595957044888       4.0442098871435244
     48.6980525800280262       5.4569884946226166       5.0360504531551156       0.2989862625930115      81.6105293450740135      68.8676792503948860       4.0277394460801341
      4.5701412966963213       5.4277764553496812       5.7763112948725395       4.2064529916518012      81.5400325654536431      68.8609115127876805       4.0107881334509381
     27.3364024128748326       5.4083208370461611       4.7932730816414866       4.9224320610140495      81.4642491568899345      68.8605528542139353       3.9937407523618300
     42.1653216041853653       5.4012631992202875       6.0506044544179272       0.1390444202209480      81.3957406614414936      68.8584097916617566       3.9770737442350099
     72.9237676328308311       5.4028267282701536       4.4990783972736930       4.0595990018394303      81.3205771246600762      68.8529735660257813       3.9610794944816021
      9.3452904070405616       5.4086765967654227       4.6804658004387569       5.4318966087206064      81.2579340982974543      68.8371200366344027       3.9458562972931075
     56.8357064472322691       5.3679922304806560       5.5216844791705126       2.4639970766786945      81.1948844351017271      68.8355817851060010       3.9297308595302374
     57.8359225385357263       5.5595097040267314      11.0845432372162325       0.6176846177061677      81.1216733493560156      68.8242488282644160       3.9196636048352111
     39.9172014996191109       5.3833271370300722       5.2387196998960732       1.3809987624538707      81.0407425041152436      68.8126399736568430       3.9049842100395136
     38.3594597953506025       5.4136771482231465       5.8758767739928874       3.7044789943086442      80.9679648801863152      68.8075170098184969       3.8917288123162308
     79.9237432942225894       5.3789385495050208       4.4663844833675297       3.9070964584300754      80.8918795341078294      68.8021858184696669       3.8778119341869073
     31.2004671861741265       5.3694006538416819       7.4668505338112059       3.3357702857522753      80.8299015919598105      68.7861129735916137       3.8640325396908266
      3.2065072728928370       5.3856743833712217       5.4111635610950506       0.6216520136461483      80.7581380110523099      68.7839988681614756       3.8511609736248351
     61.8048592064054674       5.3089483132209159       4.5152334235527327       3.8557306174828199      80.6811505403764357      68.7831102302699833       3.8362852974017319
      9.9980563509935383       5.2790191520038974       4.5300816838778468       4.8817042756621305      80.6193156860902604      68.7737611861146405       3.8208942252069868
     65.6473592269436494       5.2782452887244338       4.4184261157717817       0.0882179754065007      80.5568581078772610      68.7740873914377318       3.8060040001924116
      8.4381402932611529       5.2715961431310534       4.6126273798757849       5.9102347310598162      80.4956856175252966      68.7600015805293054       3.7913890840911657
      7.5873156476279737       5.3059241153442382       4.5915202216885751       0.0694907143572934      80.4328552691385426      68.7607300881807078       3.7783086418139220
     42.9424616064417890       5.2190296261146436       5.0000844078727020       2.8427999665785109      80.3697767373538454      68.7616450065430911       3.7628476435322562
     11.6687218934154622       5.1962464681563061       4.4265354916182194       5.9789732854893174      80.3001887354737391      68.7588579008989171       3.7471285588500409
     12.6563362132823620       5.1859996215044371       4.4636066525270008       3.1285466721076745      80.2403571341234851      68.7587101913216969       3.7316029173748109
     18.3252218284855317       5.1444108016680001       4.5029731943383942       1.1377245583083138      80.1789086615526827      68.7587109847461733       3.7151351044869498
     58.9155278956686601       5.1425496744774017       4.4893409724692948       4.9531837154266469      80.1170796496981978      68.7581177953682214       3.6992021896277083
     68.7278337136841913       5.0990219868720859       4.3187152057632909       3.6342912702296388      80.0577972225064229      68.7511593847954714       3.6822443247230896
      5.3801166370894151       5.0928116825929095       5.1568285746857727       1.3144037670484039      79.9998312664112916      68.7412119401617900       3.6656933002403123
     36.4152458756865158       5.0860776645984611       4.6143479575751813       4.7481993899621813      79.9400769044972037      68.7402914395024851       3.6495055262049911
     34.6585104781815119       5.1162994352984086       6.6754450431543200       4.5473335076879238      79.8786124718601229      68.7371626992389082       3.6349312981298123
     28.8187571408613756       5.0690805115077309       4.7955828281365136       4.4632606066937086      79.8140106172301529      68.7322047089808166       3.6192397770736711
     28.2901924051378906       5.1458734178610444       5.6668475379663370       4.0477073953427833      79.7520463179685635      68.7291474030901384       3.6065144747675824
      6.4042385880721557       5.0947933714376648       4.5052092536508086       5.7599415584534910      79.6776727586652669      68.7262382796156999       3.5926329023854806
     44.0052643305070177       5.0886878224336654       7.3944408528108863       5.7695643456152794      79.6166725865691802      68.7264390357576644       3.5789939473847858
      5.3053423095677603       5.1507659018087670       5.0051401902232904       5.4765792262163160      79.5426293917695375      68.7202699492786593       3.5675086422574509
      1.0439519503975152       5.1054285528540300       4.6435802882618864       0.0133780737235654      79.4757122376708622      68.7189140344536611       3.5551055347668821
     45.5273626436566090       5.1249094705257665       5.0341417556146002       0.3108433703403577      79.4106003968311001      68.7184598003913294       3.5435689220673425
     52.4807841674722724       5.1036853571721323       4.3581326786102537       6.1265350428489711      79.3401039607987997      68.7114235904984128       3.5317756678326648
      8.7783271847412596       5.0504463708568199       4.2846746005437462       1.7665509562050801      79.2807197460003721      68.7056040095273488       3.5188190535490693
     10.7847664485342722       5.0207284154478362       4.2443724913942242       2.5232825287878740      79.2224547913120318      68.7051048224483054       3.5053605495547702
     58.6219046100196266       5.0117140372743885       4.2794532936565979       2.5825334160529536      79.1654325940571084      68.7049768379561385       3.4920371086511226
      0.0000000000000000       4.9509733966691556       0.0000000000000000       0.0000000000000000      79.1081587087120965      68.6948629261308952       0.0000000000000000
