     63.4037558519992714    1897.3676564432366831     201.8269275205774420       5.1513265801671224     208.4089551150735815      83.9280981327530355    1897.3676564432366831
     63.0699750035760545    1138.5252737876608080     116.5356606993836692       2.0126246819984743     149.0094754856253019      62.0865058486454373    1138.5252737876608080
     66.7767799926521377     683.8180667102517418      76.1812119352080543       4.6051907262938556     125.2305335740417576      53.7365275744944029     683.8180667102517418
     60.1211068805357485     785.0357684325657601      72.2022815157950220       2.6800586769298178     113.6657758407613130      49.3094871953359117     683.8180667102517418
     53.0214947391774700     913.6571727795264906      71.4496944686807893       4.7196921111956982     101.5225097319842291      45.5566330440474943     683.8180667102517418
     56.1654181190912922     737.4026743686986265      53.6522912862521082       1.1859569400642584      88.7738253949856642      42.6166658173221364     683.8180667102517418
     50.4976024060999080     679.3198134669684123      47.4779736227481237       4.8423167073836595      79.8973570575511900      40.4439383280613569     679.3198134669684123
     54.2093960765029550     696.7235533115198223      43.7434752113207708       4.8310405687864915      72.5697587845480143      39.0803506595013914     679.3198134669684123
     66.8712046232497528     651.5924507922320572      39.7896926617825386       2.5632474087818053      65.7333606375470083      37.7100169411483463     651.5924507922320572
     56.5306895224212340     588.6760060092458389      32.3254151856877670       4.0597287114417639      59.9194976550021678      36.0741261256045220     588.6760060092458389
     56.0841693243538586     610.8856206790874239      31.7431564398092050       4.7285434311546197      55.1720474316457867      35.1602144075626200     588.6760060092458389
     63.2500981909367326     496.9410759097460186      26.7366300331309645       3.0014528918020886      50.3602835024716171      34.2979409035978122     496.9410759097460186
     57.7246506208145291     296.3893395026645408      18.4413101287298922       6.0109560603355732      46.9925121889049606      33.5829362715065542     296.3893395026645408
     61.4383928627647506     246.1204436888279190      17.5096587429755459       2.4898637921490234      45.1616841826403785      33.2641468799621620     246.1204436888279190
     59.5396443802603699     200.1877573286049028      15.6427888386026179       3.1606024034029332      43.7060015488514182      32.9880658979460435     200.1877573286049028
     43.0550841016553392     162.6653378148546381      12.2969606609111253       1.2628650160752812      42.5627480427002283      32.7927005314761502     162.6653378148546381
     63.5955241452450579     160.7056943435050584      12.1878444305119853       4.1824728634149295      41.6613479324488054      32.7155596202076921     160.7056943435050584
     59.7246675282687889     124.0846148230317283      10.2116103874222830       6.0860576071623456      40.7730885588310841      32.5479683120173959     124.0846148230317283
     59.4948284109269352     108.4290653368823314      11.1930237890925444       2.2532886284882778      40.1000196108913229      32.4356892488022197     108.4290653368823314
     61.2147874013882003      84.7031216229173936       8.5165646260268186       2.3262884151902625      39.4378670457209424      32.3309684809491245      84.7031216229173936
     58.4080143352643404      73.2303795442812628       7.5300291875339358       4.4732101296015543      38.9993345164473055      32.2572761741282008      73.2303795442812628
     47.4892960952041889      65.3821195636969037       7.1660639645537580       3.5563216807261568      38.6291067062212363      32.2010243533695828      65.3821195636969037
     56.1741436081238277      53.0897242223632304      20.1516086077033769       0.8146707612998441      38.3023595725822048      32.1675758022059526      53.0897242223632304
     49.4226537226793212      44.1671656129723686       5.7675002390086831       3.7336746348358218      37.8932137369862261      32.1125642772723907      44.1671656129723686
     56.4554778877131227      37.1109005946968864       5.0237836968720595       1.2327107609146850      37.6767700391303393      32.0904227844056749      37.1109005946968864
     60.1655816006625983      30.3001953586858974       4.8873023257866768       1.2114412508220056      37.4866686390969903      32.0616119249759919      30.3001953586858974
     60.0751844483295230      27.8023793146673555       4.8390239051680899       3.5759299437689123      37.3340408216192046      32.0374386616532405      27.8023793146673555
     64.6455455550047873      25.8080860667503735       4.1636723663246462       1.4722610365845838      37.1904814233381487      32.0150953499407436      25.8080860667503735
     66.8454953511507455      21.9446106099592058       6.3598246508205056       4.4352212803844822      37.0664565536116513      31.9950248030045437      21.9446106099592058
     65.5364739533812184      22.0081398628731755       3.9605806792564406       4.8857483196391769      36.9231118182659301      31.9681103505133599      21.9446106099592058
     61.0593209352603949      20.9893446153761225       3.8974832390719407       5.4395747407882737      36.8166071263981536      31.9480257639462053      20.9893446153761225
      0.1146622127125213      19.5246638491947060       6.7841377149618038       0.8587431704932484      36.7147839005744885      31.9315971451429377      19.5246638491947060
     54.3524978718538918      18.2695840791876556       3.9420598052933804       3.1706858953169075      36.6222230067709518      31.9312396618564094      18.2695840791876556
     54.5646483343966722      18.6138941154322168       3.7299100685578366       1.8141845760531368      36.5338444150132915      31.9189046059633519      18.2695840791876556
     60.4193735374065142      16.8607646389014576       3.3752674227056905       4.2736815990122494      36.4444588583128990      31.9081143241759584      16.8607646389014576
     50.1649036915687887      16.8972205674951930       3.3674998048420153       2.8438765375815791      36.3635875372550004      31.8950575337199922      16.8607646389014576
     57.5703017930412102      14.8828521473508300       3.0430209363124652       4.3732121547857759      36.2840533146994559      31.8857382192033363      14.8754085241433778
     44.1813778327855147      14.2005046156876062       3.0833574411812248       3.8696676612656091      36.2140932990397815      31.8757035358017369      14.1157406794537472
     56.5594269856312408      12.6304647516704911       5.8058718977292116       1.7394141907700913      36.1476855426834334      31.8709002050803960      12.6165318947712475
     45.0933442092174133      12.4960007046709638       2.7861947605200528       5.7476288557716799      36.0612036128220979      31.8588514186315130      12.2510404719527735
     66.4294080419415138      12.1334219229040521       2.9206862769101742       0.1646932467795565      36.0029812821420663      31.8543362750486132      11.8872212992757351
     54.1382231032650267      11.9881191995538945       2.5071077988331845       2.5771066630316426      35.9460594172448182      31.8440762054601549      11.6337168049637540
     46.0189054284272743      11.9628885039652317       2.8107569470721065       5.2933693352582196      35.8869491769326316      31.8371482504169769      11.4668011473454090
      2.2432564182570380      11.8811358307873984       2.8432408183099422       5.8553159433411821      35.8315226896477839      31.8329098190396031      11.3252923273368022
     56.3386244385208030      11.6338391641712402       3.0264683642454062       3.9676507448951241      35.7765460165429161      31.8330117756887105      11.1516929552467481
     53.0019342427970912      11.4341705355559213       3.7991218639878999       4.4536938706935842      35.7200216173305733      31.8249386102903706      10.9693295005631093
     62.3537557488033443      10.7785016372694660       2.5836987412725390       5.3361159750105145      35.6599917667397008      31.8194207697451041      10.5624875216395040
     66.7347535817457214      10.7450287646121634       3.0496914627834810       5.7033947454381888      35.6102103163443289      31.8120204957567232      10.3432074481594611
      0.1027981478692414      10.6535014175752956       5.8463370500700176       2.0460874809452179      35.5551652390560662      31.8012708689050640      10.1701821875869207
     85.8891657662845347      10.1851485067289467       2.5674109445127939       4.7388945060723273      35.4983856562976072      31.8005868513291254       9.8765707298362795
     61.4558360410229554       9.4126816924256254       4.7603928655971499       1.9927369313793832      35.4512569972111109      31.7864987680290731       9.2843969079883255
     63.3938538996277998       9.1340776389288934       6.3375482546895547       1.5912564555895159      35.4017160610862547      31.7779270459033647       8.9017358727174880
     31.7347671020213440       9.1415208136281692       2.4190316931704854       0.8492404710362322      35.3442249539676325      31.7682623044139696       8.7042554641016565
     72.4718428416135367       8.9082169016356989       2.3731830007281722       1.0831434799568385      35.3025053315517141      31.7665781391689386       8.4933411171413731
     58.6749324010909632       8.4952038930512188       2.3764931300453984       6.1599673495707776      35.2617239694519711      31.7575789948091831       8.1932415078748626
     30.4038411984242742       7.9778139979610652       2.2857720407219904       5.5920398126666697      35.2226000662546852      31.7512554205327149       7.7712749131500445
     57.8419379154365529       7.8535120408714851       2.2999697340239900       1.8366335297017002      35.1863254422197400      31.7496332303166042       7.5094198543151141
     54.1958540632388264       7.8287447378208865       4.6168632038455986       2.2487239028690027      35.1494919207284227      31.7445795980840835       7.3393416689957460
     55.7425927442808273       7.4491083093070118       2.2036645242685342       4.2336729005967726      35.1020280062785162      31.7391267194200708       7.0897362945383327
     63.2834114696815959       7.4254656986872032       3.1121888894709167       1.1700462427200335      35.0675281033544621      31.7346021724657739       6.9249062570235616
     35.2282529692121500       7.3955062950290023       2.2029945717263746       3.4355179952747648      35.0285923423708994      31.7281259452024891       6.7983280263896111
     45.8433676550343350       7.2200795232856700       2.1361749271378963       4.5850111526727204      34.9951352968238325      31.7261414461550935       6.6588711248194699
     71.6000484219533035       7.1903554636213727       2.1529291608401153       4.0993991947673720      34.9623201029790280      31.7240259122308501       6.5468986191162788
     73.3861251049159335       7.2201494348967232       2.1386829360633595       5.6097508254072892      34.9297983985793365      31.7175596711496794       6.4633236949910939
     32.9872308945094730       7.1780251699278503       2.1390115888057095       3.0650225910997477      34.8972202897661674      31.7109007307969684       6.3867251303840877
     48.5477502053805097       7.1123062224780993       2.1345157445246352       4.3081370795901393      34.8648245074142693      31.7091486851873725       6.3118673951614301
     50.3541871102208560       7.0235400114566744       2.1652163706364953       4.9999438723519489      34.8327608028273588      31.7062776385980385       6.2347776518141567
      6.8720966687197915       6.9588433830223435       2.0745094707379041       3.4530138426764978      34.8003920502319275      31.7021725092519908       6.1596796500205873
     70.3565554524735148       6.8983963150256304       2.0789901374155662       5.5809540150997492      34.7691012771105648      31.7015119857749568       6.0868753883447777
     53.2985058139335806       6.8696156033289375       2.0991125544369522       1.7379760490860434      34.7381209607495123      31.6948950514766956       6.0205812541947807
      0.5195827764699251       6.7079256677693229       2.1946548995982180       0.0996114815991902      34.7070822236055321      31.6908592987025877       5.9394407400959244
     75.1335645798950225       6.6541825319349091       2.2291041336939479       5.9890562998676415      34.6768148005150181      31.6908500281987102       5.8628487508483484
     67.2125149500145795       6.4712435839040339       1.9994175461617960       4.9994873904709749      34.6470102340165056      31.6841487234070591       5.7671984531922593
     34.5600268753554261       6.3007842356304380       1.9653347995815769       5.0107460550110119      34.6177102955526834      31.6781711852056915       5.6557027981578676
     74.4654487284271056       6.2538960875172220       1.9808969822917184       0.9327312675980508      34.5895540009590974      31.6764975073724244       5.5580168790016593
      0.3665653844106992       5.9826340539120366       1.9878685889730228       6.1292894009807952      34.5615860499236334      31.6697934077821124       5.4193454853996998
     37.1073725032687847       5.9690126335580791       1.9250057502325799       3.7570428026431699      34.5343271633296780      31.6698239790623148       5.3114394016760063
     42.5273507512708946       5.9792309750425456       1.9109460637989908       0.4371922365483485      34.5077290130838747      31.6677540055946771       5.2269041953388466
     62.7034165052013606       5.8927718265983025       1.8673506541689897       2.6256533030594227      34.4810462525977144      31.6661700246162710       5.1420281479350933
      7.3713802453676935       5.8021894245658210       1.8855853154329074       4.6173148540313349      34.4545464465744544      31.6619847508956127       5.0561337039833107
     52.2389893322839498       5.7085395403269796       1.8907860960194849       4.1105100567277049      34.4287321231440515      31.6617673931153334       4.9688374430888231
     75.1604741887539234       5.6522506047203951       2.1242762557868144       2.2263884352999384      34.4033454186032230      31.6584933187336688       4.8870251836824821
     81.2009633929413326       5.5872417353042430       1.9201816749127802       0.6321832569758996      34.3770893089801319      31.6533960760706137       4.8080523838384339
     82.2265296224902187       5.5562897073730575       1.8467888629707887       4.2279540544316632      34.3522869038243925      31.6471737634261068       4.7367049677518720
     80.7749773462486473       5.5813347131257176       1.8448129602243175       5.6442828557531612      34.3276574923144366      31.6402151803377620       4.6786554526436781
     63.0912754183893441       5.4750240124903700       3.9980354073079245       4.0051757024541956      34.3028681844627954      31.6339698429948122       4.6142660701336551
      4.2391777176770491       5.4292941982491865       1.8120635105943190       2.3953297540704597      34.2661652799595728      31.6282594097144347       4.5524009402419088
     52.8618163597758866       5.3525795948662935       1.8618648901323094       5.8053734738112581      34.2416370339484288      31.6275653568574242       4.4885350076494133
     62.2738714871385639       5.2132152777936209       1.8267453688990321       5.0845251893236565      34.2170690866427734      31.6248260671808659       4.4135367297254460
     69.1419546259320015       5.1644636218658837       1.7965215902905216       3.9305642855527338      34.1932474693549651      31.6207479454871674       4.3425972178042826
     69.5416880535054105       5.1388784320745229       1.7622458614460206       2.8165692137029481      34.1703642626283397      31.6166526570365036       4.2781972636520660
     77.9175380482661950       5.0890721240625059       1.7491100209104398       0.7470346531575203      34.1476162609925495      31.6125246385707328       4.2157800679680024
      0.0000000000000000       4.9363171270663262       0.0000000000000000       0.0000000000000000      34.1251591692377545      31.6073372021787158       0.0000000000000000
