     48.4869891129354329     435.7157637609854532      15.5480199112744391       2.9632206218723667      29.0578448413294588      18.0549574713695975     435.7157637609854532
     45.0983383771149917     292.1977164194408942      11.8469201359041989       5.3649692088559533      26.8031907794155266      17.7340679839299113     292.1977164194408942
     52.2848467412317390     317.3807378070898153      11.7251627627791848       5.8105777226354149      25.4272472587549316      17.5698310336231636     292.1977164194408942
     34.3212553351727152     243.3914706007032294       9.8074013470397130       0.6360605004104443      24.0060747827696694      17.3585212110365816     243.3914706007032294
     55.8046775241866087     239.9653787066899042       9.3881083247963080       2.7107920157780399      22.9841346872259926      17.2912600254779960     239.9653787066899042
     41.4641221040019587     199.5594278875168754       8.9236956655043240       4.2680129445564461      22.0197837427573546      17.1418835689280833     199.5594278875168754
     41.3036779851216380     149.5639766482608479       8.3477284714458921       4.7740668009121947      21.2540734413351302      17.0801252252375946     149.5639766482608479
     44.7524455980618825     149.1244782569328606       6.6288198070733628       3.6628469415648368      20.6833737065922101      17.0301044491997899     149.1244782569328606
     48.3793292035155886     135.4223402796440325       6.2035548873786777       1.1449890232855111      20.1448063350182096      16.9802179154327071     135.4223402796440325
     23.6769139481282878      69.5376502681143762       4.2747057120679095       0.9899819620280184      19.6557809756763291      16.9296831811390156      69.5376502681143762
     45.5536530176357175      67.5266331723915414       4.1731439303521460       2.3794940293358167      19.4203991672138514      16.9227957729930019      67.5266331723915414
     52.1504425036072305      47.5035463290693016       3.3656687561085645       1.3984916873289848      19.1934911360155454      16.9001442524503780      47.5035463290693016
     66.8044810391971993      46.1516967515685295       3.8497976764295463       1.7423483954756165      19.0335173802398749      16.8827790657316861      46.1516967515685295
     66.6307328257102114      40.2556594740180884       3.2167007889338377       4.1111553153662470      18.8825372722831339      16.8552500052616381      40.2556594740180884
     34.9412531188006028      33.7166549368412873       2.8666948896244699       0.9990681821457699      18.7485646307429015      16.8289851527309011      33.7166549368412873
     27.3779726813884530      33.9752482872117554       2.8387092895735959       0.7757735245198134      18.6400101626107642      16.8235607396134199      33.7166549368412873
      0.5985724133618421      31.7619372588635613       2.7911162728808314       1.7042815810967085      18.5312582099045855      16.8208654302377951      31.7619372588635613
     43.2105590578411523      22.5779312591022645       2.2729079564360846       3.2788114972702687      18.4302239776314067      16.8207241481698055      22.5779312591022645
     59.5383415616901388      17.9204034334556539       2.0481817479725315       4.8301360049720898      18.3588036633510114      16.8156758073229753      17.9204034334556539
     41.9985062836132030      16.2562512062247713       1.8824219642383822       3.5157749377015506      18.3023806919785557      16.8069662123858308      16.2562512062247713
     22.7158776391420254      14.5400634983981334       1.8418732741041157       4.7483459827838743      18.2512763483902276      16.8037508020391080      14.5396164222201847
     48.2707034112084372      14.5168183009393914       1.7397874340566513       3.1664957478699733      18.2057810303051859      16.8027057563684643      14.2303139005902146
     26.4452251356429890      13.6334075349729460       1.7476464239354805       0.9204403852148104      18.1591154990619579      16.7987276788940783      13.5362884788712581
     52.5102372182608192      12.7978595342519590       1.6887391695757086       0.1501967650349840      18.1166627807605813      16.7974378467220724      12.7249079278733284
     34.8222846722368260      12.6442713505656421       1.6843011098210157       4.8097412200498439      18.0765578544902930      16.7933395755171233      12.3817181679905239
     53.1955356057406519      12.5250017755708107       1.7018811125288109       5.8221105947939833      18.0371066451660589      16.7922403765480297      12.1464463444295117
     28.9009953929870385      12.2180467506295294       1.6387436806197571       5.1682772885736341      17.9983274562487203      16.7885389045651152      11.8797367743097553
      0.7222099714877789      12.0323966414857466       1.8367336983856888       1.1182934685660300      17.9606250378539372      16.7865471202203160      11.6483578053160457
     48.6239267653943870      11.8690106216883304       1.6638042876438806       6.2627841932313260      17.9232941164057564      16.7865946318057446      11.4437901557667239
      0.3287719261013523      10.5635866430369507       1.9112006688850574       4.7498413791821150      17.8861008619816069      16.7829502543645326      10.5098300706589001
     41.2780561866037772       9.9941788638798599       2.8728346462135965       3.6243970963462715      17.8530934781512052      16.7829432239369076       9.8785569628011682
     46.3384890005312542       9.0453819848205423       1.5851556706660597       4.0366213335130823      17.8148625321270373      16.7801269202897068       8.9858816539659614
     39.4686526721340840       8.9599714279457068       1.3920718710210329       0.7366621588683344      17.7871425464339552      16.7779620436252621       8.6717033550408242
      0.2562608140625644       8.4937499504983709       1.4665402818698905       3.2075064789485594      17.7597644324979029      16.7755342543764385       8.2726451023962220
     21.8774517311610204       8.2983782380231137       1.3412493200514646       5.9891726021501910      17.7304826070314654      16.7750557842782797       7.9842911061142807
     41.7724502638542035       8.0014279586346930       1.3192700538965660       0.5950809733570210      17.7052385184983869      16.7748726900345204       7.6917450179116820
      0.1173823323878246       7.6421450641045343       1.2521509412020944       1.7731276154711821      17.6806364545393286      16.7733337603937862       7.3652073447166773
     20.5183021141534141       7.5658926649896809       1.2547056550315900       1.6894781218855286      17.6566757831114600      16.7732935986792278       7.1530297464107475
     30.8127552443288906       7.3392306385184085       1.2507299607494526       4.9611560598335274      17.6337480499031507      16.7730026493251891       6.9351966663910556
     46.4123902623066655       6.6772330591983353       1.2933144763395676       4.2082879007269156      17.6115399808962216      16.7722271917577181       6.4863067601568645
     70.2032203746743164       6.2232483095307440       1.1502971289312343       2.8575950974539381      17.5895227563546399      16.7697613024913430       6.0341275735418449
     49.7318347905896445       5.9209019222824368       1.1181189424309768       2.7784186327537981      17.5707645543639295      16.7648827118942769       5.6728054756569062
      0.5486431909207359       5.8206253503007463       1.3815264160277514       6.1645292869839778      17.5528806386306151      16.7629788424140003       5.4394267852510163
      3.1469333184920454       5.7822089657232167       1.1100657088851338       5.6924405951593400      17.5318903240014414      16.7630945260673379       5.2768122925613907
      0.9563363554988927       5.5875462371925870       1.1040356862171647       0.5252250860015053      17.5143418119109242      16.7632699952788649       5.1039324054264412
     37.8208342736699805       5.5325143104226875       1.0794383326256365       2.9679104872105171      17.4972979624336880      16.7632383683656450       4.9663417610684792
     53.0690936748970472       5.4557714659084624       1.0839192719678477       4.9809016864367806      17.4806911931267628      16.7621609298857450       4.8444487367426916
     68.1116335901076155       5.2569052165542489       1.0530407752135145       4.8704426399984442      17.4641284091667295      16.7603076670866535       4.7024207227500030
     46.9250219736926155       5.2801712476617855       1.0529336613439468       5.5049284434256407      17.4483842761322094      16.7569173243385521       4.6005405417162279
     57.0347641884446830       5.1787356506851303       1.0390057715607890       6.0326680971389379      17.4325157609369761      16.7559327580496920       4.4987537630212309
      0.0000000000000000       4.9201709687466328       0.0000000000000000       0.0000000000000000      17.4170371202869063      16.7537019657262434       0.0000000000000000
