Omega/Omega_K,Rp/Req,<R>/Req,Volume
0.0000000000000000,1.0000000000000000,0.99999999999999878,1.9999999999999927
1.0000000000000000E-003,0.99999950000024995,0.99999983333333764,1.9999990000001928
2.0000000000000000E-003,0.99999800000399997,0.99999933333342117,1.9999960000031938
3.0000000000000001E-003,0.99999550002024995,0.99999850000044876,1.9999910000161927
4.0000000000000001E-003,0.99999200006399946,0.99999733333475449,1.9999840000511937
5.0000000000000001E-003,0.99998750015624804,0.99999583333680420,1.9999750001249916
6.0000000000000001E-003,0.99998200032399409,0.99999400000719818,1.9999640002591881
7.0000000000000001E-003,0.99997550060023521,0.99999183334666919,1.9999510004801797
8.0000000000000002E-003,0.99996800102396721,0.99998933335608353,1.9999360008191627
8.9999999999999993E-003,0.99995950164018343,0.99998650003644052,1.9999190013121320
1.0000000000000000E-002,0.99995000249987487,0.99998333338887213,1.9999000019998794
1.0999999999999999E-002,0.99993950366002859,0.99997983341464336,1.9998790029279909
1.2000000000000000E-002,0.99992800518362668,0.99997600011515220,1.9998560041468521
1.2999999999999999E-002,0.99991550713964661,0.99997183349192909,1.9998310057116426
1.4000000000000000E-002,0.99990200960305897,0.99996733354663658,1.9998040076823329
1.4999999999999999E-002,0.99988751265482634,0.99996250028107070,1.9997750101236924
1.6000000000000000E-002,0.99987201638190326,0.99995733369715856,1.9997440131052766
1.7000000000000001E-002,0.99985552087723328,0.99995183379695995,1.9997110167014349
1.7999999999999999E-002,0.99983802623974916,0.99994600058266669,1.9996760209913076
1.9000000000000000E-002,0.99981953257437040,0.99993983405660158,1.9996390260588184
2.0000000000000000E-002,0.99980003999200162,0.99993333422121944,1.9996000319926801
2.1000000000000001E-002,0.99977954860953167,0.99992650107910641,1.9995590388863924
2.1999999999999999E-002,0.99975805854983091,0.99991933463297988,1.9995160468382382
2.3000000000000000E-002,0.99973556994175050,0.99991183488568747,1.9994710559512783
2.4000000000000000E-002,0.99971208292011893,0.99990400184020767,1.9994240663333567
2.5000000000000001E-002,0.99968759762574200,0.99989583549964955,1.9993750780970958
2.5999999999999999E-002,0.99966211420539863,0.99988733586725242,1.9993240913598951
2.7000000000000000E-002,0.99963563281183998,0.99987850294638447,1.9992711062439243
2.8000000000000001E-002,0.99960815360378741,0.99986933674054468,1.9992161228761305
2.9000000000000001E-002,0.99957967674592840,0.99985983725336014,1.9991591413882268
2.9999999999999999E-002,0.99955020240891590,0.99985000448858774,1.9991001619166975
3.1000000000000000E-002,0.99951973076936518,0.99983983845011182,1.9990391846027864
3.2000000000000001E-002,0.99948826200985086,0.99982933914194683,1.9989762095925108
3.3000000000000002E-002,0.99945579631890435,0.99981850656823312,1.9989112370366369
3.4000000000000002E-002,0.99942233389101098,0.99980734073323974,1.9988442670906945
3.5000000000000003E-002,0.99938787492660752,0.99979584164136248,1.9987752999149686
3.5999999999999997E-002,0.99935241963207844,0.99978400929712430,1.9987043356744951
3.6999999999999998E-002,0.99931596821975355,0.99977184370517491,1.9986313745390654
3.7999999999999999E-002,0.99927852090790459,0.99975934487028895,1.9985564166832077
3.9000000000000000E-002,0.99924007792074132,0.99974651279736715,1.9984794622861981
4.0000000000000001E-002,0.99920063948840931,0.99973334749143605,1.9984005115320584
4.1000000000000002E-002,0.99916020584698562,0.99971984895764654,1.9983195646095433
4.2000000000000003E-002,0.99911877723847564,0.99970601720127317,1.9982366217121394
4.2999999999999997E-002,0.99907635391080951,0.99969185222771573,1.9981516830380714
4.3999999999999997E-002,0.99903293611783783,0.99967735404249614,1.9980647487902852
4.4999999999999998E-002,0.99898852411932915,0.99966252265125943,1.9979758191764510
4.5999999999999999E-002,0.99894311818096448,0.99964735805977400,1.9978848944089653
4.7000000000000000E-002,0.99889671857433460,0.99963186027392881,1.9977919747049349
4.8000000000000001E-002,0.99884932557693529,0.99961602929973503,1.9976970602861821
4.9000000000000002E-002,0.99880093947216375,0.99959986514332499,1.9976001513792416
5.0000000000000003E-002,0.99875156054931336,0.99958336781095025,1.9975012482153471
5.0999999999999997E-002,0.99870118910357086,0.99956653730898337,1.9974003510304408
5.1999999999999998E-002,0.99864982543601044,0.99954937364391516,1.9972974600651558
5.2999999999999999E-002,0.99859746985359055,0.99953187682235611,1.9971925755648250
5.3999999999999999E-002,0.99854412266914838,0.99951404685103384,1.9970856977794647
5.5000000000000000E-002,0.99848978420139534,0.99949588373679399,1.9969768269637798
5.6000000000000001E-002,0.99843445477491288,0.99947738748659887,1.9968659633771522
5.7000000000000002E-002,0.99837813472014725,0.99945855810752715,1.9967531072836431
5.8000000000000003E-002,0.99832082437340397,0.99943939560677320,1.9966382589519831
5.8999999999999997E-002,0.99826252407684435,0.99941989999164638,1.9965214186555706
5.9999999999999998E-002,0.99820323417847867,0.99940007126957020,1.9964025866724648
6.0999999999999999E-002,0.99814295503216266,0.99937990944808230,1.9962817632853844
6.2000000000000000E-002,0.99808168699759070,0.99935941453483290,1.9961589487816984
6.3000000000000000E-002,0.99801943044029118,0.99933858653758467,1.9960341434534237
6.4000000000000001E-002,0.99795618573162159,0.99931742546421243,1.9959073475972224
6.5000000000000002E-002,0.99789195324876201,0.99929593132270089,1.9957785615143881
6.6000000000000003E-002,0.99782673337470984,0.99927410412114615,1.9956477855108532
6.7000000000000004E-002,0.99776052649827462,0.99925194386775296,1.9955150198971734
6.8000000000000005E-002,0.99769333301407137,0.99922945057083490,1.9953802649885244
6.9000000000000006E-002,0.99762515332251589,0.99920662423881490,1.9952435211047073
7.0000000000000007E-002,0.99755598782981691,0.99918346488022025,1.9951047885701165
7.0999999999999994E-002,0.99748583694797266,0.99915997250368827,1.9949640677137728
7.1999999999999995E-002,0.99741470109476249,0.99913614711795928,1.9948213588692805
7.2999999999999995E-002,0.99734258069374149,0.99911198873187956,1.9946766623748435
7.3999999999999996E-002,0.99726947617423500,0.99908749735439906,1.9945299785732531
7.4999999999999997E-002,0.99719538797133056,0.99906267299457163,1.9943813078118833
7.5999999999999998E-002,0.99712031652587330,0.99903751566155308,1.9942306504426843
7.6999999999999999E-002,0.99704426228445764,0.99901202536460054,1.9940780068221724
7.8000000000000000E-002,0.99696722569942242,0.99898620211307265,1.9939233773114342
7.9000000000000001E-002,0.99688920722884233,0.99896004591642695,1.9937667622761073
8.0000000000000002E-002,0.99681020733652304,0.99893355678422113,1.9936081620863877
8.1000000000000003E-002,0.99673022649199294,0.99890673472610991,1.9934475771170097
8.2000000000000003E-002,0.99664926517049668,0.99887957975184605,1.9932850077472508
8.3000000000000004E-002,0.99656732385298830,0.99885209187127788,1.9931204543609178
8.4000000000000005E-002,0.99648440302612384,0.99882427109434957,1.9929539173463444
8.5000000000000006E-002,0.99640050318225404,0.99879611743109964,1.9927853970963818
8.5999999999999993E-002,0.99631562481941782,0.99876763089166021,1.9926148940083954
8.6999999999999994E-002,0.99622976844133371,0.99873881148625521,1.9924424084842502
8.7999999999999995E-002,0.99614293455739367,0.99870965922520150,1.9922679409303181
8.8999999999999996E-002,0.99605512368265481,0.99868017411890531,1.9920914917574544
8.9999999999999997E-002,0.99596633633783171,0.99865035617786302,1.9919130613810014
9.0999999999999998E-002,0.99587657304928934,0.99862020541265950,1.9917326502207791
9.1999999999999998E-002,0.99578583434903489,0.99858972183396744,1.9915502587010776
9.2999999999999999E-002,0.99569412077470976,0.99855890545254533,1.9913658872506437
9.4000000000000000E-002,0.99560143286958214,0.99852775627923851,1.9911795363026896
9.5000000000000001E-002,0.99550777118253886,0.99849627432497534,1.9909912062948649
9.6000000000000002E-002,0.99541313626807670,0.99846445960076868,1.9908008976692650
9.7000000000000003E-002,0.99531752868629542,0.99843231211771344,1.9906086108724166
9.8000000000000004E-002,0.99522094900288816,0.99839983188698511,1.9904143463552679
9.9000000000000005E-002,0.99512339778913439,0.99836701891984059,1.9902181045731890
0.10000000000000001,0.99502487562189068,0.99833387322761491,1.9900198859859555
0.10100000000000001,0.99492538308358225,0.99830039482172106,1.9898196910577433
0.10199999999999999,0.99482492076219509,0.99826658371364985,1.9896175202571271
0.10299999999999999,0.99472348925126663,0.99823243991496646,1.9894133740570590
0.10400000000000000,0.99462108914987735,0.99819796343731149,1.9892072529348730
0.10500000000000000,0.99451772106264213,0.99816315429239888,1.9889991573722714
0.10600000000000000,0.99441338559970094,0.99812801249201388,1.9887890878553125
0.10700000000000000,0.99430808337671006,0.99809253804801412,1.9885770448744129
0.10800000000000000,0.99420181501483340,0.99805673097232550,1.9883630289243241
0.10900000000000000,0.99409458114073357,0.99802059127694387,1.9881470405041410
0.11000000000000000,0.99398638238656123,0.99798411897393191,1.9879290801172798
0.11100000000000000,0.99387721938994822,0.99794731407541837,1.9877091482714757
0.11200000000000000,0.99376709279399600,0.99791017659359726,1.9874872454787729
0.11300000000000000,0.99365600324726777,0.99787270654072602,1.9872633722555155
0.11400000000000000,0.99354395140377838,0.99783490392912422,1.9870375291223361
0.11500000000000000,0.99343093792298431,0.99779676877117307,1.9868097166041514
0.11600000000000001,0.99331696346977527,0.99775830107931296,1.9865799352301501
0.11700000000000001,0.99320202871446395,0.99771950086604377,1.9863481855337868
0.11799999999999999,0.99308613433277526,0.99768036814392158,1.9861144680527667
0.11899999999999999,0.99296928100583814,0.99764090292555874,1.9858787833290421
0.12000000000000000,0.99285146942017466,0.99760110522362233,1.9856411319088019
0.12100000000000000,0.99273270026769034,0.99756097505083285,1.9854015143424617
0.12200000000000000,0.99261297424566386,0.99752051241996231,1.9851599311846526
0.12300000000000000,0.99249229205673684,0.99747971734383245,1.9849163829942094
0.12400000000000000,0.99237065440890437,0.99743858983531575,1.9846708703341722
0.12500000000000000,0.99224806201550386,0.99739712990733098,1.9844233937717621
0.12600000000000000,0.99212451559520531,0.99735533757284356,1.9841739538783789
0.12700000000000000,0.99200001587200037,0.99731321284486463,1.9839225512295962
0.12800000000000000,0.99187456357519210,0.99727075573644730,1.9836691864051359
0.12900000000000000,0.99174815943938466,0.99722796626068821,1.9834138599888780
0.13000000000000000,0.99162080420447218,0.99718484443072331,1.9831565725688312
0.13100000000000001,0.99149249861562849,0.99714139025972848,1.9828973247371393
0.13200000000000001,0.99136324342329618,0.99709760376091694,1.9826361170900593
0.13300000000000001,0.99123303938317553,0.99705348494753754,1.9823729502279530
0.13400000000000001,0.99110188725621373,0.99700903383287487,1.9821078247552859
0.13500000000000001,0.99096978780859413,0.99696425043024572,1.9818407412806029
0.13600000000000001,0.99083674181172521,0.99691913475299898,1.9815717004165287
0.13700000000000001,0.99070275004222874,0.99687368681451294,1.9813007027797469
0.13800000000000001,0.99056781328192944,0.99682790662819487,1.9810277489909998
0.13900000000000001,0.99043193231784343,0.99678179420747959,1.9807528396750755
0.14000000000000001,0.99029510794216669,0.99673534956582632,1.9804759754607890
0.14099999999999999,0.99015734095226415,0.99668857271671873,1.9801971569809802
0.14199999999999999,0.99001863215065711,0.99664146367366246,1.9799163848724974
0.14299999999999999,0.98987898234501337,0.99659402245018314,1.9796336597761857
0.14399999999999999,0.98973839234813465,0.99654624905982714,1.9793489823368884
0.14499999999999999,0.98959686297794447,0.99649814351615607,1.9790623532034133
0.14599999999999999,0.98945439505747734,0.99644970583274906,1.9787737730285433
0.14699999999999999,0.98931098941486695,0.99640093602319835,1.9784832424690111
0.14799999999999999,0.98916664688333367,0.99635183410110872,1.9781907621854926
0.14899999999999999,0.98902136830117282,0.99630240008009607,1.9778963328425974
0.14999999999999999,0.98887515451174290,0.99625263397378516,1.9775999551088528
0.15100000000000000,0.98872800636345348,0.99620253579580731,1.9773016296566917
0.15200000000000000,0.98857992470975298,0.99615210555980060,1.9770013571624465
0.15300000000000000,0.98843091040911646,0.99610134327940703,1.9766991383063379
0.15400000000000000,0.98828096432503387,0.99605024896826999,1.9763949737724515
0.15500000000000000,0.98813008732599650,0.99599882264003337,1.9760888642487360
0.15600000000000000,0.98797828028548629,0.99594706430834079,1.9757808104269938
0.15700000000000000,0.98782554408196177,0.99589497398683158,1.9754708130028569
0.15800000000000000,0.98767187959884706,0.99584255168914104,1.9751588726757876
0.15900000000000000,0.98751728772451819,0.99578979742889717,1.9748449901490561
0.16000000000000000,0.98736176935229081,0.99573671121972007,1.9745291661297353
0.16100000000000000,0.98720532538040728,0.99568329307521886,1.9742114013286827
0.16200000000000001,0.98704795671202472,0.99562954300899087,1.9738916964605324
0.16300000000000001,0.98688966425520186,0.99557546103461991,1.9735700522436836
0.16400000000000001,0.98673044892288508,0.99552104716567358,1.9732464694002831
0.16500000000000001,0.98657031163289721,0.99546630141570169,1.9729209486562145
0.16600000000000001,0.98640925330792339,0.99541122379823421,1.9725934907410843
0.16700000000000001,0.98624727487549857,0.99535581432678055,1.9722640963882165
0.16800000000000001,0.98608437726799414,0.99530007301482581,1.9719327663346278
0.16900000000000001,0.98592056142260454,0.99524399987583057,1.9715995013210266
0.17000000000000001,0.98575582828133468,0.99518759492322761,1.9712643020917895
0.17100000000000001,0.98559017879098643,0.99513085817042113,1.9709271693949575
0.17199999999999999,0.98542361390314481,0.99507378963078374,1.9705881039822140
0.17299999999999999,0.98525613457416483,0.99501638931765457,1.9702471066088747
0.17399999999999999,0.98508774176515890,0.99495865724433974,1.9699041780338875
0.17499999999999999,0.98491843644198207,0.99490059342410553,1.9695593190197900
0.17599999999999999,0.98474821957521907,0.99484219787018180,1.9692125303327288
0.17699999999999999,0.98457709214017031,0.99478347059575511,1.9688638127424187
0.17799999999999999,0.98440505511683907,0.99472441161397096,1.9685131670221505
0.17899999999999999,0.98423210948991680,0.99466502093792808,1.9681605939487596
0.17999999999999999,0.98405825624876997,0.99460529858067892,1.9678060943026254
0.18099999999999999,0.98388349638742589,0.99454524455522697,1.9674496688676542
0.18200000000000000,0.98370783090455871,0.99448485887452343,1.9670913184312577
0.18300000000000000,0.98353126080347630,0.99442414155146741,1.9667310437843530
0.18400000000000000,0.98335378709210475,0.99436309259890143,1.9663688457213344
0.18500000000000000,0.98317541078297621,0.99430171202961071,1.9660047250400681
0.18600000000000000,0.98299613289321319,0.99423999985632172,1.9656386825418810
0.18700000000000000,0.98281595444451497,0.99417795609169790,1.9652707190315342
0.18800000000000000,0.98263487646314340,0.99411558074833895,1.9649008353172188
0.18900000000000000,0.98245289997990881,0.99405287383877827,1.9645290322105364
0.19000000000000000,0.98227002603015579,0.99398983537548202,1.9641553105264946
0.19100000000000000,0.98208625565374774,0.99392646537084461,1.9637796710834778
0.19200000000000000,0.98190158989505438,0.99386276383718841,1.9634021147032434
0.19300000000000000,0.98171602980293515,0.99379873078676029,1.9630226422109009
0.19400000000000001,0.98152957643072658,0.99373436623173084,1.9626412544349057
0.19500000000000001,0.98134223083622618,0.99366967018419028,1.9622579522070329
0.19600000000000001,0.98115399408167925,0.99360464265614823,1.9618727363623745
0.19700000000000001,0.98096486723376242,0.99353928365952904,1.9614856077393104
0.19800000000000001,0.98077485136357134,0.99347359320617279,1.9610965671795133
0.19900000000000001,0.98058394754660338,0.99340757130782886,1.9607056155279090
0.20000000000000001,0.98039215686274506,0.99334121797615826,1.9603127536326890
0.20100000000000001,0.98019948039625537,0.99327453322272707,1.9599179823452690
0.20200000000000001,0.98000591923575220,0.99320751705900689,1.9595213025202920
0.20300000000000001,0.97981147447419648,0.99314016949637129,1.9591227150156045
0.20399999999999999,0.97961614720887769,0.99307249054609337,1.9587222206922414
0.20499999999999999,0.97941993854139875,0.99300448021934506,1.9583198204144210
0.20599999999999999,0.97922284957766126,0.99293613852719220,1.9579155150495131
0.20699999999999999,0.97902488142784905,0.99286746548059390,1.9575093054680348
0.20799999999999999,0.97882603520641476,0.99279846109039949,1.9571011925436312
0.20899999999999999,0.97862631203206374,0.99272912536734714,1.9566911771530651
0.20999999999999999,0.97842571302773851,0.99265945832205926,1.9562792601761889
0.21099999999999999,0.97822423932060365,0.99258945996504189,1.9558654424959410
0.21199999999999999,0.97802189204203138,0.99251913030668215,1.9554497249983269
0.21299999999999999,0.97781867232758490,0.99244846935724484,1.9550321085724007
0.21400000000000000,0.97761458131700318,0.99237747712687030,1.9546125941102483
0.21500000000000000,0.97740962015418631,0.99230615362557273,1.9541911825069780
0.21600000000000000,0.97720378998717905,0.99223449886323722,1.9537678746607008
0.21700000000000000,0.97699709196815565,0.99216251284961587,1.9533426714725075
0.21800000000000000,0.97678952725340451,0.99209019559432676,1.9529155738464605
0.21900000000000000,0.97658109700331208,0.99201754710685286,1.9524865826895854
0.22000000000000000,0.97637180238234722,0.99194456739653447,1.9520556989118270
0.22100000000000000,0.97616164455904586,0.99187125647257290,1.9516229234260680
0.22200000000000000,0.97595062470599481,0.99179761434402314,1.9511882571480863
0.22300000000000000,0.97573874399981653,0.99172364101979371,1.9507517009965500
0.22400000000000000,0.97552600362115249,0.99164933650864306,1.9503132558930001
0.22500000000000001,0.97531240475464787,0.99157470081917676,1.9498729227618266
0.22600000000000001,0.97509794858893573,0.99149973395984636,1.9494307025302662
0.22700000000000001,0.97488263631662042,0.99142443593894469,1.9489865961283703
0.22800000000000001,0.97466646913426225,0.99134880676460435,1.9485406044889939
0.22900000000000001,0.97444944824236124,0.99127284644479585,1.9480927285477885
0.23000000000000001,0.97423157484534062,0.99119655498732195,1.9476429692431616
0.23100000000000001,0.97401285015153194,0.99111993239981933,1.9471913275162906
0.23200000000000001,0.97379327537315752,0.99104297868975155,1.9467378043110777
0.23300000000000001,0.97357285172631514,0.99096569386440914,1.9462824005741484
0.23400000000000001,0.97335158043096126,0.99088807793090572,1.9458251172548306
0.23499999999999999,0.97312946271089540,0.99081013089617553,1.9453659553051370
0.23599999999999999,0.97290649979374377,0.99073185276697073,1.9449049156797482
0.23699999999999999,0.97268269291094256,0.99065324354985851,1.9444419993359958
0.23799999999999999,0.97245804329772201,0.99057430325121765,1.9439772072338417
0.23899999999999999,0.97223255219308924,0.99049503187723720,1.9435105403358659
0.23999999999999999,0.97200622083981347,0.99041542943391236,1.9430419996072463
0.24099999999999999,0.97177905048440749,0.99033549592704129,1.9425715860157353
0.24199999999999999,0.97155104237711332,0.99025523136222438,1.9420993005316567
0.24299999999999999,0.97132219777188400,0.99017463574485953,1.9416251441278749
0.24399999999999999,0.97109251792636786,0.99009370908013872,1.9411491177797759
0.24500000000000000,0.97086200410189194,0.99001245137304750,1.9406712224652651
0.24600000000000000,0.97063065756344535,0.98993086262836039,1.9401914591647336
0.24700000000000000,0.97039847957966230,0.98984894285063763,1.9397098288610446
0.24800000000000000,0.97016547142280596,0.98976669204422330,1.9392263325395176
0.24900000000000000,0.96993163436875152,0.98968411021324176,1.9387409711879091
0.25000000000000000,0.96969696969696972,0.98960119736159557,1.9382537457963984
0.25100000000000000,0.96946147869050969,0.98951795349296068,1.9377646573575591
0.25200000000000000,0.96922516263598224,0.98943437861078509,1.9372737068663493
0.25300000000000000,0.96898802282354390,0.98935047271828591,1.9367808953200967
0.25400000000000000,0.96875006054687884,0.98926623581844420,1.9362862237184637
0.25500000000000000,0.96851127710318285,0.98918166791400475,1.9357896930634491
0.25600000000000001,0.96827167379314627,0.98909676900747145,1.9352913043593589
0.25700000000000001,0.96803125192093697,0.98901153910110351,1.9347910586127830
0.25800000000000001,0.96779001279418397,0.98892597819691486,1.9342889568325914
0.25900000000000001,0.96754795772395952,0.98884008629666909,1.9337850000299037
0.26000000000000001,0.96730508802476300,0.98875386340187532,1.9332791892180676
0.26100000000000001,0.96706140501450344,0.98866730951378867,1.9327715254126550
0.26200000000000001,0.96681691001448300,0.98858042463340368,1.9322620096314291
0.26300000000000001,0.96657160434937894,0.98849320876145197,1.9317506428943263
0.26400000000000001,0.96632548934722784,0.98840566189840184,1.9312374262234553
0.26500000000000001,0.96607856633940747,0.98831778404444992,1.9307223606430479
0.26600000000000001,0.96583083666062064,0.98822957519952281,1.9302054471794672
0.26700000000000002,0.96558230164887660,0.98814103536327047,1.9296866868611684
0.26800000000000002,0.96533296264547575,0.98805216453506606,1.9291660807186997
0.26900000000000002,0.96508282099499076,0.98796296271399919,1.9286436297846590
0.27000000000000002,0.96483187804525050,0.98787342989887561,1.9281193350936967
0.27100000000000002,0.96458013514732277,0.98778356608821261,1.9275931976824834
0.27200000000000002,0.96432759365549603,0.98769337128023582,1.9270652185896942
0.27300000000000002,0.96407425492726295,0.98760284547287558,1.9265353988559868
0.27400000000000002,0.96382012032330378,0.98751198866376455,1.9260037395239871
0.27500000000000002,0.96356519120746764,0.98742080085023465,1.9254702416382705
0.27600000000000002,0.96330946894675606,0.98732928202931025,1.9249349062453227
0.27700000000000002,0.96305295491130527,0.98723743219771054,1.9243977343935543
0.27800000000000002,0.96279565047436932,0.98714525135184072,1.9238587271332477
0.27900000000000003,0.96253755701230270,0.98705273948779215,1.9233178855165596
0.28000000000000003,0.96227867590454208,0.98695989660133765,1.9227752105974913
0.28100000000000003,0.96201900853358957,0.98686672268792708,1.9222307034318662
0.28199999999999997,0.96175855628499596,0.98677321774268600,1.9216843650773197
0.28299999999999997,0.96149732054734194,0.98667938176041114,1.9211361965932723
0.28399999999999997,0.96123530271222157,0.98658521473556637,1.9205861990409088
0.28499999999999998,0.96097250417422442,0.98649071666227872,1.9200343734831535
0.28599999999999998,0.96070892633091820,0.98639588753433871,1.9194807209846725
0.28699999999999998,0.96044457058283139,0.98630072734519070,1.9189252426118180
0.28799999999999998,0.96017943833343578,0.98620523608793509,1.9183679394326421
0.28899999999999998,0.95991353098912846,0.98610941375532102,1.9178088125168522
0.28999999999999998,0.95964684995921512,0.98601326033974457,1.9172478629358038
0.29099999999999998,0.95937939665589134,0.98591677583324422,1.9166850917624727
0.29199999999999998,0.95911117249422617,0.98581996022749774,1.9161205000714381
0.29299999999999998,0.95884217889214418,0.98572281351381863,1.9155540889388600
0.29399999999999998,0.95857241727040754,0.98562533568315269,1.9149858594424647
0.29499999999999998,0.95830188905259872,0.98552752672607291,1.9144158126615094
0.29599999999999999,0.95803059566510307,0.98542938663277801,1.9138439496767803
0.29699999999999999,0.95775853853709092,0.98533091539308693,1.9132702715705550
0.29799999999999999,0.95748571910049962,0.98523211299643554,1.9126947794265898
0.29899999999999999,0.95721213879001688,0.98513297943187383,1.9121174743300997
0.29999999999999999,0.95693779904306231,0.98503351468806122,1.9115383573677356
0.30099999999999999,0.95666270129976982,0.98493371875326274,1.9109574296275573
0.30199999999999999,0.95638684700297061,0.98483359161534600,1.9103746921990232
0.30299999999999999,0.95611023759817459,0.98473313326177625,1.9097901461729583
0.30399999999999999,0.95583287453355348,0.98463234367961439,1.9092037926415442
0.30499999999999999,0.95555475925992284,0.98453122285551120,1.9086156326982866
0.30599999999999999,0.95527589323072393,0.98442977077570371,1.9080256674379963
0.30700000000000000,0.95499627790200692,0.98432798742601313,1.9074338979567753
0.30800000000000000,0.95471591473241235,0.98422587279183948,1.9068403253519899
0.30900000000000000,0.95443480518315371,0.98412342685815679,1.9062449507222432
0.31000000000000000,0.95415295071800021,0.98402064960951185,1.9056477751673659
0.31100000000000000,0.95387035280325805,0.98391754103001772,1.9050487997883838
0.31200000000000000,0.95358701290775372,0.98381410110335143,1.9044480256875032
0.31300000000000000,0.95330293250281584,0.98371032981274875,1.9038454539680834
0.31400000000000000,0.95301811306225681,0.98360622714100121,1.9032410857346176
0.31500000000000000,0.95273255606235630,0.98350179307045182,1.9026349220927146
0.31600000000000000,0.95244626298184254,0.98339702758299041,1.9020269641490668
0.31700000000000000,0.95215923530187496,0.98329193066005061,1.9014172130114400
0.31800000000000000,0.95187147450602627,0.98318650228260440,1.9008056697886397
0.31900000000000001,0.95158298208026493,0.98308074243115950,1.9001923355904973
0.32000000000000001,0.95129375951293771,0.98297465108575510,1.8995772115278495
0.32100000000000001,0.95100380829475029,0.98286822822595588,1.8989602987125032
0.32200000000000001,0.95071312991875212,0.98276147383085111,1.8983415982572314
0.32300000000000001,0.95042172588031626,0.98265438787904624,1.8977211112757288
0.32400000000000001,0.95012959767712313,0.98254697034866312,1.8970988388826115
0.32500000000000001,0.94983674680914221,0.98243922121733285,1.8964747821933812
0.32600000000000001,0.94954317477861405,0.98233114046219261,1.8958489423244040
0.32700000000000001,0.94924888309003286,0.98222272805988142,1.8952213203928916
0.32800000000000001,0.94895387325012903,0.98211398398653582,1.8945919175168762
0.32900000000000001,0.94865814676785054,0.98200490821778508,1.8939607348151863
0.33000000000000002,0.94836170515434581,0.98189550072874743,1.8933277734074254
0.33100000000000002,0.94806454992294620,0.98178576149402652,1.8926930344139530
0.33200000000000002,0.94776668258914687,0.98167569048770464,1.8920565189558518
0.33300000000000002,0.94746810467059128,0.98156528768334161,1.8914182281549161
0.33400000000000002,0.94716881768705152,0.98145455305396767,1.8907781631336213
0.33500000000000002,0.94686882316041143,0.98134348657208004,1.8901363250150989
0.33600000000000002,0.94656812261464829,0.98123208820963914,1.8894927149231215
0.33700000000000002,0.94626671757581604,0.98112035793806385,1.8888473339820773
0.33800000000000002,0.94596460957202655,0.98100829572822534,1.8882001833169344
0.33900000000000002,0.94566180013343293,0.98089590155044648,1.8875512640532426
0.34000000000000002,0.94535829079221023,0.98078317537449222,1.8869005773170799
0.34100000000000003,0.94505408308253969,0.98067011716956964,1.8862481242350531
0.34200000000000003,0.94474917854058937,0.98055672690432072,1.8855939059342617
0.34300000000000003,0.94444357870449724,0.98044300454681887,1.8849379235422790
0.34399999999999997,0.94413728511435402,0.98032895006456455,1.8842801781871295
0.34499999999999997,0.94383029931218365,0.98021456342447855,1.8836206709972541
0.34599999999999997,0.94352262284192789,0.98009984459290056,1.8829594031015040
0.34699999999999998,0.94321425724942687,0.97998479353558243,1.8822963756291045
0.34799999999999998,0.94290520408240242,0.97986941021768403,1.8816315897096332
0.34899999999999998,0.94259546489043977,0.97975369460376815,1.8809650464729963
0.34999999999999998,0.94228504122497048,0.97963764665779707,1.8802967470494099
0.35099999999999998,0.94197393463925461,0.97952126634312608,1.8796266925693677
0.35199999999999998,0.94166214668836257,0.97940455362249978,1.8789548841636186
0.35299999999999998,0.94134967892915822,0.97928750845804746,1.8782813229631485
0.35399999999999998,0.94103653292028111,0.97917013081127768,1.8776060100991510
0.35499999999999998,0.94072271022212828,0.97905242064307296,1.8769289467029977
0.35599999999999998,0.94040821239683714,0.97893437791368676,1.8762501339062267
0.35699999999999998,0.94009304100826863,0.97881600258273738,1.8755695728405113
0.35799999999999998,0.93977719762198786,0.97869729460920296,1.8748872646376324
0.35899999999999999,0.93946068380524805,0.97857825395141651,1.8742032104294566
0.35999999999999999,0.93914350112697220,0.97845888056706110,1.8735174113479109
0.36099999999999999,0.93882565115773631,0.97833917441316598,1.8728298685249629
0.36199999999999999,0.93850713546975095,0.97821913544610006,1.8721405830925886
0.36299999999999999,0.93818795563684443,0.97809876362156789,1.8714495561827538
0.36399999999999999,0.93786811323444441,0.97797805889460288,1.8707567889273773
0.36499999999999999,0.93754760983956220,0.97785702121956619,1.8700622824583304
0.36599999999999999,0.93722644703077296,0.97773565055013623,1.8693660379073795
0.36699999999999999,0.93690462638819993,0.97761394683930813,1.8686680564061882
0.36799999999999999,0.93658214949349639,0.97749191003938674,1.8679683390862787
0.36899999999999999,0.93625901792982835,0.97736954010198085,1.8672668870790083
0.37000000000000000,0.93593523328185702,0.97724683697799952,1.8665637015155463
0.37100000000000000,0.93561079713572115,0.97712380061764537,1.8658587835268452
0.37200000000000000,0.93528571107902048,0.97700043097041100,1.8651521342436217
0.37300000000000000,0.93495997670079733,0.97687672798507197,1.8644437547963217
0.37400000000000000,0.93463359559152026,0.97675269160968314,1.8637336463151051
0.37500000000000000,0.93430656934306566,0.97662832179157211,1.8630218099298106
0.37600000000000000,0.93397889954870128,0.97650361847733402,1.8623082467699348
0.37700000000000000,0.93365058780306875,0.97637858161282765,1.8615929579646089
0.37800000000000000,0.93332163570216586,0.97625321114316821,1.8608759446425684
0.37900000000000000,0.93299204484332954,0.97612750701272266,1.8601572079321260
0.38000000000000000,0.93266181682521909,0.97600146916510500,1.8594367489611541
0.38100000000000001,0.93233095324779824,0.97587509754316881,1.8587145688570450
0.38200000000000001,0.93199945571231790,0.97574839208900432,1.8579906687466987
0.38300000000000001,0.93166732582129974,0.97562135274393058,1.8572650497564864
0.38400000000000001,0.93133456517851820,0.97549397944849225,1.8565377130122342
0.38500000000000001,0.93100117538898386,0.97536627214245131,1.8558086596391832
0.38600000000000001,0.93066715805892619,0.97523823076478378,1.8550778907619758
0.38700000000000001,0.93033251479577572,0.97510985525367333,1.8543454075046246
0.38800000000000001,0.92999724720814825,0.97498114554650472,1.8536112109904821
0.38900000000000001,0.92966135690582674,0.97485210157986013,1.8528753023422215
0.39000000000000001,0.92932484549974448,0.97472272328951082,1.8521376826818008
0.39100000000000001,0.92898771460196827,0.97459301061041403,1.8513983531304465
0.39200000000000002,0.92864996582568127,0.97446296347670536,1.8506573148086165
0.39300000000000002,0.92831160078516595,0.97433258182169402,1.8499145688359833
0.39400000000000002,0.92797262109578726,0.97420186557785649,1.8491701163313974
0.39500000000000002,0.92763302837397521,0.97407081467683021,1.8484239584128641
0.39600000000000002,0.92729282423720893,0.97393942904940944,1.8476760961975223
0.39700000000000002,0.92695201030399854,0.97380770862553767,1.8469265308016076
0.39800000000000002,0.92661058819386921,0.97367565333430228,1.8461752633404314
0.39900000000000002,0.92626855952734366,0.97354326310392814,1.8454222949283474
0.40000000000000002,0.92592592592592582,0.97341053786177234,1.8446676266787319
0.40100000000000002,0.92558268901208385,0.97327747753431781,1.8439112597039509
0.40200000000000002,0.92523885040923315,0.97314408204716796,1.8431531951153384
0.40300000000000002,0.92489441174171938,0.97301035132503855,1.8423934340231582
0.40400000000000003,0.92454937463480291,0.97287628529175407,1.8416319775365861
0.40500000000000003,0.92420374071464051,0.97274188387023974,1.8408688267636766
0.40600000000000003,0.92385751160826957,0.97260714698251616,1.8401039828113368
0.40699999999999997,0.92351068894359145,0.97247207454969409,1.8393374467853039
0.40799999999999997,0.92316327434935452,0.97233666649196537,1.8385692197901027
0.40899999999999997,0.92281526945513759,0.97220092272859981,1.8377993029290338
0.40999999999999998,0.92246667589133347,0.97206484317793673,1.8370276973041353
0.41099999999999998,0.92211749528913223,0.97192842775737920,1.8362544040161544
0.41199999999999998,0.92176772928050488,0.97179167638338870,1.8354794241645278
0.41299999999999998,0.92141737949818692,0.97165458897147750,1.8347027588473459
0.41399999999999998,0.92106644757566092,0.97151716543620181,1.8339244091613212
0.41499999999999998,0.92071493514714176,0.97137940569115744,1.8331443762017698
0.41599999999999998,0.92036284384755851,0.97124130964896993,1.8323626610625696
0.41699999999999998,0.92001017531253892,0.97110287722129252,1.8315792648361500
0.41799999999999998,0.91965693117839331,0.97096410831879532,1.8307941886134431
0.41899999999999998,0.91930311308209700,0.97082500285116102,1.8300074334838670
0.41999999999999998,0.91894872266127547,0.97068556072707779,1.8292190005352944
0.42099999999999999,0.91859376155418715,0.97054578185423201,1.8284288908540189
0.42199999999999999,0.91823823139970717,0.97040566613930279,1.8276371055247334
0.42299999999999999,0.91788213383731176,0.97026521348795414,1.8268436456304955
0.42399999999999999,0.91752547050706135,0.97012442380482822,1.8260485122526982
0.42499999999999999,0.91716824304958444,0.96998329699353947,1.8252517064710425
0.42599999999999999,0.91681045310606213,0.96984183295666671,1.8244532293635076
0.42699999999999999,0.91645210231821139,0.96970003159574714,1.8236530820063215
0.42799999999999999,0.91609319232826925,0.96955789281126892,1.8228512654739304
0.42899999999999999,0.91573372477897619,0.96941541650266305,1.8220477808389615
0.42999999999999999,0.91537370131356133,0.96927260256829983,1.8212426291722150
0.43099999999999999,0.91501312357572495,0.96912945090547731,1.8204358115426058
0.43200000000000000,0.91465199320962354,0.96898596141041804,1.8196273290171545
0.43300000000000000,0.91429031185985399,0.96884213397826047,1.8188171826609520
0.43400000000000000,0.91392808117143642,0.96869796850304957,1.8180053735371156
0.43500000000000000,0.91356530278980008,0.96855346487773497,1.8171919027067851
0.43600000000000000,0.91320197836076589,0.96840862299415842,1.8163767712290675
0.43700000000000000,0.91283810953053190,0.96826344274304954,1.8155599801610203
0.43800000000000000,0.91247369794565669,0.96811792401401664,1.8147415305576118
0.43900000000000000,0.91210874525304397,0.96797206669554281,1.8139214234717076
0.44000000000000000,0.91174325309992710,0.96782587067497328,1.8130996599540119
0.44100000000000000,0.91137722313385250,0.96767933583851207,1.8122762410530604
0.44200000000000000,0.91101065700266559,0.96753246207121424,1.8114511678151846
0.44300000000000000,0.91064355635449357,0.96738524925697600,1.8106244412844694
0.44400000000000001,0.91027592283773062,0.96723769727852893,1.8097960625027318
0.44500000000000001,0.90990775810102253,0.96708980601743288,1.8089660325094912
0.44600000000000001,0.90953906379325078,0.96694157535406677,1.8081343523419293
0.44700000000000001,0.90916984156351754,0.96679300516762168,1.8073010230348641
0.44800000000000001,0.90880009306112952,0.96664409533609430,1.8064660456207238
0.44900000000000001,0.90842981993558314,0.96649484573627598,1.8056294211294963
0.45000000000000001,0.90805902383654935,0.96634525624374856,1.8047911505887200
0.45100000000000001,0.90768770641385754,0.96619532673287489,1.8039512350234388
0.45200000000000001,0.90731586931748065,0.96604505707678989,1.8031096754561691
0.45300000000000001,0.90694351419752051,0.96589444714739470,1.8022664729068751
0.45400000000000001,0.90657064270419141,0.96574349681534766,1.8014216283929325
0.45500000000000002,0.90619725648780602,0.96559220595005613,1.8005751429290959
0.45600000000000002,0.90582335719875928,0.96544057441966802,1.7997270175274620
0.45700000000000002,0.90544894648751462,0.96528860209106560,1.7988772531974480
0.45800000000000002,0.90507402600458697,0.96513628882985514,1.7980258509457496
0.45900000000000002,0.90469859740052949,0.96498363450035929,1.7971728117763071
0.46000000000000002,0.90432266232591796,0.96483063896561116,1.7963181366902878
0.46100000000000002,0.90394622243133504,0.96467730208734104,1.7954618266860263
0.46200000000000002,0.90356927936735698,0.96452362372597356,1.7946038827590183
0.46300000000000002,0.90319183478453680,0.96436960374061476,1.7937443059018656
0.46400000000000002,0.90281389033339110,0.96421524198904751,1.7928830971042615
0.46500000000000002,0.90243544766438422,0.96406053832771954,1.7920202573529413
0.46600000000000003,0.90205650842791396,0.96390549261173808,1.7911557876316611
0.46700000000000003,0.90167707427429644,0.96375010469485811,1.7902896889211526
0.46800000000000003,0.90129714685375184,0.96359437442947660,1.7894219621990990
0.46899999999999997,0.90091672781638954,0.96343830166662159,1.7885526084400936
0.46999999999999997,0.90053581881219336,0.96328188625594535,1.7876816286156145
0.47099999999999997,0.90015442149100677,0.96312512804571337,1.7868090236939762
0.47199999999999998,0.89977253750251940,0.96296802688279781,1.7859347946403095
0.47299999999999998,0.89939016849625109,0.96281058261266717,1.7850589424165204
0.47399999999999998,0.89900731612153850,0.96265279507937795,1.7841814679812564
0.47499999999999998,0.89862398202752036,0.96249466412556539,1.7833023722898702
0.47599999999999998,0.89824016786312255,0.96233618959243428,1.7824216562943866
0.47699999999999998,0.89785587527704458,0.96217737131974990,1.7815393209434653
0.47799999999999998,0.89747110591774504,0.96201820914583025,1.7806553671823737
0.47899999999999998,0.89708586143342661,0.96185870290753284,1.7797697959529308
0.47999999999999998,0.89670014347202298,0.96169885244025100,1.7788826081935016
0.48099999999999998,0.89631395368118372,0.96153865757789991,1.7779938048389357
0.48199999999999998,0.89592729370826096,0.96137811815291030,1.7771033868205492
0.48299999999999998,0.89554016520029422,0.96121723399621672,1.7762113550660752
0.48399999999999999,0.89515256980399749,0.96105600493724930,1.7753177104996360
0.48499999999999999,0.89476450916574402,0.96089443080392367,1.7744224540417044
0.48599999999999999,0.89437598493155335,0.96073251142263238,1.7735255866090693
0.48699999999999999,0.89398699874707710,0.96057024661823387,1.7726271091147972
0.48799999999999999,0.89359755225758475,0.96040763621404313,1.7717270224681945
0.48899999999999999,0.89320764710794998,0.96024468003182251,1.7708253275747743
0.48999999999999999,0.89281728494263646,0.96008137789177106,1.7699220253362162
0.49099999999999999,0.89242646740568510,0.95991772961251520,1.7690171166503301
0.49199999999999999,0.89203519614069893,0.95975373501109862,1.7681106024110227
0.49299999999999999,0.89164347279083067,0.95958939390297238,1.7672024835082554
0.49399999999999999,0.89125129899876832,0.95942470610198383,1.7662927608280055
0.49500000000000000,0.89085867640672156,0.95925967142036772,1.7653814352522350
0.49600000000000000,0.89046560665640850,0.95909428966873544,1.7644685076588469
0.49700000000000000,0.89007209138904209,0.95892856065606502,1.7635539789216526
0.49800000000000000,0.88967813224531633,0.95876248418968912,1.7626378499103226
0.49900000000000000,0.88928373086539325,0.95859606007528830,1.7617201214903684
0.50000000000000000,0.88888888888888884,0.95842928811687589,1.7608007945230797
0.50100000000000000,0.88849360795486099,0.95826216811679177,1.7598798698655087
0.50200000000000000,0.88809788970179449,0.95809469987568840,1.7589573483704122
0.50300000000000000,0.88770173576758904,0.95792688319252173,1.7580332308862237
0.50400000000000000,0.88730514778954539,0.95775871786454059,1.7571075182570122
0.50500000000000000,0.88690812740435254,0.95759020368727565,1.7561802113224432
0.50600000000000001,0.88651067624807411,0.95742134045452709,1.7552513109177330
0.50700000000000001,0.88611279595613568,0.95725212795835612,1.7543208178736192
0.50800000000000001,0.88571448816331155,0.95708256598907271,1.7533887330163156
0.50900000000000001,0.88531575450371192,0.95691265433522343,1.7524550571674677
0.51000000000000001,0.88491659661076949,0.95674239278358297,1.7515197911441263
0.51100000000000001,0.88451701611722677,0.95657178111913987,1.7505829357586884
0.51200000000000001,0.88411701465512360,0.95640081912508668,1.7496444918188692
0.51300000000000001,0.88371659385578361,0.95622950658280947,1.7487044601276629
0.51400000000000001,0.88331575534980178,0.95605784327187404,1.7477628414832898
0.51500000000000001,0.88291450076703193,0.95588582897001706,1.7468196366791708
0.51600000000000001,0.88251283173657347,0.95571346345313168,1.7458748465038703
0.51700000000000002,0.88211074988675908,0.95554074649525822,1.7449284717410674
0.51800000000000002,0.88170825684514209,0.95536767786857058,1.7439805131695050
0.51900000000000002,0.88130535423848388,0.95519425734336616,1.7430309715629575
0.52000000000000002,0.88090204369274139,0.95502048468805234,1.7420798476901795
0.52100000000000002,0.88049832683305429,0.95484635966913523,1.7411271423148678
0.52200000000000002,0.88009420528373361,0.95467188205120712,1.7401728561956171
0.52300000000000002,0.87968968066824749,0.95449705159693488,1.7392169900858794
0.52400000000000002,0.87928475460921063,0.95432186806704755,1.7382595447339215
0.52500000000000002,0.87887942872837144,0.95414633122032344,1.7373005208827783
0.52600000000000002,0.87847370464659880,0.95397044081357829,1.7363399192702114
0.52700000000000002,0.87806758398387175,0.95379419660165343,1.7353777406286706
0.52800000000000002,0.87766106835926527,0.95361759833740101,1.7344139856852390
0.52900000000000003,0.87725415939093987,0.95344064577167309,1.7334486551615960
0.53000000000000003,0.87684685869612877,0.95326333865330970,1.7324817497739804
0.53100000000000003,0.87643916789112530,0.95308567672912259,1.7315132702331260
0.53200000000000003,0.87603108859127188,0.95290765974388580,1.7305432172442352
0.53300000000000003,0.87562262241094813,0.95272928744032126,1.7295715915069301
0.53400000000000003,0.87521377096355779,0.95255055955908530,1.7285983937152001
0.53500000000000003,0.87480453586151841,0.95237147583875614,1.7276236245573662
0.53600000000000003,0.87439491871624830,0.95219203601581959,1.7266472847160246
0.53700000000000003,0.87398492113815562,0.95201223982465710,1.7256693748680132
0.53800000000000003,0.87357454473662599,0.95183208699753041,1.7246898956843528
0.53900000000000003,0.87316379112001152,0.95165157726457084,1.7237088478302174
0.54000000000000004,0.87275266189561884,0.95147071035376196,1.7227262319648662
0.54100000000000004,0.87234115866969719,0.95128948599092877,1.7217420487416155
0.54200000000000004,0.87192928304742778,0.95110790389972200,1.7207562988077809
0.54300000000000004,0.87151703663291136,0.95092596380160499,1.7197689828046332
0.54400000000000004,0.87110442102915753,0.95074366541584032,1.7187801013673554
0.54500000000000004,0.87069143783807312,0.95056100845947322,1.7177896551249825
0.54600000000000004,0.87027808866045042,0.95037799264732048,1.7167976447003708
0.54700000000000004,0.86986437509595682,0.95019461769195390,1.7158040707101356
0.54800000000000004,0.86945029874312263,0.95001088330368566,1.7148089337646042
0.54900000000000004,0.86903586119933018,0.94982678919055497,1.7138122344677738
0.55000000000000004,0.86862106406080342,0.94964233505831308,1.7128139734172569
0.55100000000000005,0.86820590892259553,0.94945752061040833,1.7118141512042377
0.55200000000000005,0.86779039737857877,0.94927234554796969,1.7108127684134065
0.55300000000000005,0.86737453102143325,0.94908680956979607,1.7098098256229386
0.55400000000000005,0.86695831144263591,0.94890091237233531,1.7088053234044096
0.55500000000000005,0.86654174023244979,0.94871465364967422,1.7077992623227749
0.55600000000000005,0.86612481897991278,0.94852803309351974,1.7067916429362979
0.55700000000000005,0.86570754927282723,0.94834105039318539,1.7057824657965108
0.55800000000000005,0.86528993269774901,0.94815370523557507,1.7047717314481592
0.55900000000000005,0.86487197083997658,0.94796599730516684,1.7037594404291478
0.56000000000000005,0.86445366528354073,0.94777792628399848,1.7027455932704942
0.56100000000000005,0.86403501761119372,0.94758949185164998,1.7017301904962701
0.56200000000000006,0.86361602940439852,0.94740069368522772,1.7007132326235492
0.56299999999999994,0.86319670224331879,0.94721153145935111,1.6996947201623676
0.56399999999999995,0.86277703770680780,0.94702200484613264,1.6986746536156530
0.56499999999999995,0.86235703737239811,0.94683211351516117,1.6976530334791686
0.56599999999999995,0.86193670281629209,0.94664185713349080,1.6966298602414869
0.56699999999999995,0.86151603561334988,0.94645123536561726,1.6956051343838996
0.56799999999999995,0.86109503733708093,0.94626024787346685,1.6945788563803938
0.56899999999999995,0.86067370955963196,0.94606889431637486,1.6935510266975700
0.56999999999999995,0.86025205385177861,0.94587717435107332,1.6925216457946157
0.57099999999999995,0.85983007178291349,0.94568508763166881,1.6914907141232189
0.57199999999999995,0.85940776492103765,0.94549263380962933,1.6904582321275374
0.57299999999999995,0.85898513483274908,0.94529981253376472,1.6894242002441291
0.57399999999999995,0.85856218308323418,0.94510662345020979,1.6883886189019017
0.57499999999999996,0.85813891123625641,0.94491306620240545,1.6873514885220458
0.57599999999999996,0.85771532085414715,0.94471914043108329,1.6863128095179920
0.57699999999999996,0.85729141349779614,0.94452484577424511,1.6852725822953405
0.57799999999999996,0.85686719072664053,0.94433018186714646,1.6842308072518117
0.57899999999999996,0.85644265409865628,0.94413514834227719,1.6831874847771795
0.57999999999999996,0.85601780517034765,0.94393974482934428,1.6821426152532208
0.58099999999999996,0.85559264549673786,0.94374397095525209,1.6810961990536488
0.58199999999999996,0.85516717663135966,0.94354782634408507,1.6800482365440612
0.58299999999999996,0.85474140012624533,0.94335131061708699,1.6789987280818697
0.58399999999999996,0.85431531753191725,0.94315442339264421,1.6779476740162511
0.58499999999999996,0.85388893039737856,0.94295716428626464,1.6768950746880773
0.58599999999999997,0.85346224027010376,0.94275953291055947,1.6758409304298576
0.58699999999999997,0.85303524869602898,0.94256152887522304,1.6747852415656754
0.58799999999999997,0.85260795721954319,0.94236315178701502,1.6737280084111348
0.58899999999999997,0.85218036738347813,0.94216440124973755,1.6726692312732809
0.58999999999999997,0.85175248072910015,0.94196527686421816,1.6716089104505516
0.59099999999999997,0.85132429879609972,0.94176577822828911,1.6705470462327130
0.59199999999999997,0.85089582312258338,0.94156590493676473,1.6694836389007808
0.59299999999999997,0.85046705524506416,0.94136565658142524,1.6684186887269790
0.59399999999999997,0.85003799669845248,0.94116503275099272,1.6673521959746573
0.59499999999999997,0.84960864901604694,0.94096403303111076,1.6662841608982277
0.59599999999999997,0.84917901372952631,0.94076265700432715,1.6652145837431165
0.59699999999999998,0.84874909236893925,0.94056090425006633,1.6641434647456661
0.59799999999999998,0.84831888646269693,0.94035877434461490,1.6630708041331037
0.59899999999999998,0.84788839753756251,0.94015626686109544,1.6619966021234474
0.59999999999999998,0.84745762711864414,0.93995338136944673,1.6609208589254498
0.60099999999999998,0.84702657672938475,0.93975011743640280,1.6598435747385341
0.60199999999999998,0.84659524789155460,0.93954647462546903,1.6587647497527163
0.60299999999999998,0.84616364212524153,0.93934245249690107,1.6576843841485389
0.60399999999999998,0.84573176094884339,0.93913805060768274,1.6566024780970066
0.60499999999999998,0.84529960587905872,0.93893326851150272,1.6555190317595074
0.60599999999999998,0.84486717843087888,0.93872810575873344,1.6544340452877562
0.60699999999999998,0.84443448011757904,0.93852256189640559,1.6533475188237046
0.60799999999999998,0.84400151245071020,0.93831663646818686,1.6522594524994827
0.60899999999999999,0.84356827694009107,0.93811032901435920,1.6511698464373268
0.60999999999999999,0.84313477509379875,0.93790363907179297,1.6500787007494979
0.61099999999999999,0.84270100841816176,0.93769656617392561,1.6489860155382172
0.61199999999999999,0.84226697841775089,0.93748910985073630,1.6478917908955886
0.61299999999999999,0.84183268659537180,0.93728126962872382,1.6467960269035302
0.61399999999999999,0.84139813445205625,0.93707304503087807,1.6456987236336804
0.61499999999999999,0.84096332348705438,0.93686443557666088,1.6445998811473512
0.61599999999999999,0.84052825519782670,0.93665544078197704,1.6434994994954266
0.61699999999999999,0.84009293108003613,0.93644606015915277,1.6423975787183054
0.61799999999999999,0.83965735262753971,0.93623629321690582,1.6412941188458008
0.61899999999999999,0.83922152133238170,0.93602613946032709,1.6401891198970959
0.62000000000000000,0.83878543868478450,0.93581559839084694,1.6390825818806267
0.62100000000000000,0.83834910617314173,0.93560466950621624,1.6379745047940339
0.62200000000000000,0.83791252528401039,0.93539335230047660,1.6368648886240700
0.62300000000000000,0.83747569750210304,0.93518164626393574,1.6357537333465209
0.62400000000000000,0.83703862431028020,0.93496955088313838,1.6346410389261177
0.62500000000000000,0.83660130718954251,0.93475706564084360,1.6335268053164713
0.62600000000000000,0.83616374761902379,0.93454419001599376,1.6324110324599719
0.62700000000000000,0.83572594707598291,0.93433092348368996,1.6312937202877189
0.62800000000000000,0.83528790703579703,0.93411726551516461,1.6301748687194371
0.62900000000000000,0.83484962897195369,0.93390321557775147,1.6290544776633820
0.63000000000000000,0.83441111435604320,0.93368877313485910,1.6279325470162600
0.63100000000000001,0.83397236465775237,0.93347393764594311,1.6268090766631480
0.63200000000000001,0.83353338134485622,0.93325870856647797,1.6256840664774046
0.63300000000000001,0.83309416588321106,0.93304308534792524,1.6245575163205721
0.63400000000000001,0.83265471973674776,0.93282706743770882,1.6234294260423057
0.63500000000000001,0.83221504436746452,0.93261065427918299,1.6222997954802743
0.63600000000000001,0.83177514123541896,0.93239384531160363,1.6211686244600720
0.63700000000000001,0.83133501179872227,0.93217663997009736,1.6200359127951272
0.63800000000000001,0.83089465751353109,0.93195903768563426,1.6189016602866202
0.63900000000000001,0.83045407983404207,0.93174103788499463,1.6177658667233807
0.64000000000000001,0.83001328021248333,0.93152263999073881,1.6166285318817972
0.64100000000000001,0.82957226009910900,0.93130384342117889,1.6154896555257348
0.64200000000000002,0.82913102094219127,0.93108464759034304,1.6143492374064212
0.64300000000000002,0.82868956418801476,0.93086505190794810,1.6132072772623713
0.64400000000000002,0.82824789128086884,0.93064505577936618,1.6120637748192830
0.64500000000000002,0.82780600366304158,0.93042465860559187,1.6109187297899366
0.64600000000000002,0.82736390277481309,0.93020385978321019,1.6097721418741016
0.64700000000000002,0.82692159005444865,0.92998265870436558,1.6086240107584451
0.64800000000000002,0.82647906693819262,0.92976105475672577,1.6074743361164152
0.64900000000000002,0.82603633486026151,0.92953904732345205,1.6063231176081625
0.65000000000000002,0.82559339525283804,0.92931663578316215,1.6051703548804204
0.65100000000000002,0.82515024954606420,0.92909381950989856,1.6040160475664136
0.65200000000000002,0.82470689916803563,0.92887059787309434,1.6028601952857562
0.65300000000000002,0.82426334554479475,0.92864697023753651,1.6017027976443399
0.65400000000000003,0.82381959010032468,0.92842293596333281,1.6005438542342345
0.65500000000000003,0.82337563425654314,0.92819849440587610,1.5993833646335838
0.65600000000000003,0.82293147943329648,0.92797364491580836,1.5982213284064963
0.65700000000000003,0.82248712704835270,0.92774838683898497,1.5970577451029375
0.65800000000000003,0.82204257851739682,0.92752271951643772,1.5958926142586205
0.65900000000000003,0.82159783525402375,0.92729664228434028,1.5947259353949050
0.66000000000000003,0.82115289866973229,0.92707015447396746,1.5935577080186691
0.66100000000000003,0.82070777017392027,0.92684325541166124,1.5923879316222154
0.66200000000000003,0.82026245117387753,0.92661594441879169,1.5912166056831505
0.66300000000000003,0.81981694307478081,0.92638822081171812,1.5900437296642695
0.66400000000000003,0.81937124727968746,0.92616008390175097,1.5888693030134418
0.66500000000000004,0.81892536518952996,0.92593153299511477,1.5876933251635041
0.66600000000000004,0.81847929820311049,0.92570256739290457,1.5865157955321252
0.66700000000000004,0.81803304771709473,0.92547318639105136,1.5853367135217096
0.66800000000000004,0.81758661512600650,0.92524338928027738,1.5841560785192565
0.66900000000000004,0.81714000182222224,0.92501317534605920,1.5829738898962589
0.67000000000000004,0.81669320919596555,0.92478254386858416,1.5817901470085665
0.67100000000000004,0.81624623863530155,0.92455149412271087,1.5806048491962732
0.67200000000000004,0.81579909152613173,0.92432002537792590,1.5794179957835845
0.67300000000000004,0.81535176925218789,0.92408813689830338,1.5782295860787019
0.67400000000000004,0.81490427319502778,0.92385582794246046,1.5770396193736866
0.67500000000000004,0.81445660473402903,0.92362309776351614,1.5758480949443410
0.67600000000000005,0.81400876524638410,0.92338994560904553,1.5746550120500666
0.67700000000000005,0.81356075610709555,0.92315637072103873,1.5734603699337515
0.67800000000000005,0.81311257868896969,0.92292237233585339,1.5722641678216205
0.67900000000000005,0.81266423436261315,0.92268794968417267,1.5710664049231162
0.68000000000000005,0.81221572449642621,0.92245310199095842,1.5698670804307597
0.68100000000000005,0.81176705045659869,0.92221782847540434,1.5686661935200070
0.68200000000000005,0.81131821360710443,0.92198212835089144,1.5674637433491214
0.68300000000000005,0.81086921530969724,0.92174600082494185,1.5662597290590392
0.68400000000000005,0.81042005692390473,0.92150944509916954,1.5650541497732171
0.68500000000000005,0.80997073980702439,0.92127246036923316,1.5638470045974957
0.68600000000000005,0.80952126531411850,0.92103504582478846,1.5626382926199598
0.68700000000000006,0.80907163479800914,0.92079720064943826,1.5614280129107880
0.68799999999999994,0.80862184960927397,0.92055892402068584,1.5602161645221186
0.68899999999999995,0.80817191109624087,0.92032021510988093,1.5590027464878831
0.68999999999999995,0.80772182060498376,0.92008107308217313,1.5577877578236761
0.69099999999999995,0.80727157947931794,0.91984149709645913,1.5565711975265948
0.69199999999999995,0.80682118906079570,0.91960148630533112,1.5553530645750848
0.69299999999999995,0.80637065068870106,0.91936103985502604,1.5541333579287966
0.69399999999999995,0.80591996570004631,0.91912015688537108,1.5529120765284166
0.69499999999999995,0.80546913542956677,0.91887883652973235,1.5516892192955203
0.69599999999999995,0.80501816120971692,0.91863707791495997,1.5504647851324096
0.69699999999999995,0.80456704437066573,0.91839488016133519,1.5492387729219566
0.69799999999999995,0.80411578624029234,0.91815224238251225,1.5480111815274276
0.69899999999999995,0.80366438814418217,0.91790916368546660,1.5467820097923359
0.69999999999999996,0.80321285140562260,0.91766564317043664,1.5455512565402678
0.70099999999999996,0.80276117734559804,0.91742167993086721,1.5443189205747134
0.70199999999999996,0.80230936728278679,0.91717727305335139,1.5430850006788959
0.70299999999999996,0.80185742253355674,0.91693242161757538,1.5418494956156124
0.70399999999999996,0.80140534441196076,0.91668712469625646,1.5406124041270455
0.70499999999999996,0.80095313422973347,0.91644138135508391,1.5393737249345889
0.70599999999999996,0.80050079329628621,0.91619519065266175,1.5381334567386844
0.70699999999999996,0.80004832291870431,0.91594855164044509,1.5368915982186271
0.70799999999999996,0.79959572440174254,0.91570146336267910,1.5356481480323874
0.70899999999999996,0.79914299904782116,0.91545392485633814,1.5344031048164326
0.70999999999999996,0.79869014815702244,0.91520593515106241,1.5331564671855391
0.71099999999999997,0.79823717302708697,0.91495749326909503,1.5319082337326084
0.71199999999999997,0.79778407495340942,0.91470859822521444,1.5306584030284609
0.71299999999999997,0.79733085522903524,0.91445924902667364,1.5294069736216647
0.71399999999999997,0.79687751514465732,0.91420944467313214,1.5281539440383287
0.71499999999999997,0.79642405598861110,0.91395918415658917,1.5268993127819088
0.71599999999999997,0.79597047904687313,0.91370846646131831,1.5256430783330153
0.71699999999999997,0.79551678560305550,0.91345729056379610,1.5243852391491961
0.71799999999999997,0.79506297693840322,0.91320565543263565,1.5231257936647480
0.71899999999999997,0.79460905433179130,0.91295356002851680,1.5218647402905077
0.71999999999999997,0.79415501905972052,0.91270100330411474,1.5206020774136402
0.72099999999999997,0.79370087239631393,0.91244798420402728,1.5193378033974219
0.72199999999999998,0.79324661561331444,0.91219450166470528,1.5180719165810397
0.72299999999999998,0.79279224998008113,0.91194055461437751,1.5168044152793658
0.72399999999999998,0.79233777676358552,0.91168614197297781,1.5155352977827445
0.72499999999999998,0.79188319722840883,0.91143126265206942,1.5142645623567661
0.72599999999999998,0.79142851263673908,0.91117591555476862,1.5129922072420423
0.72699999999999998,0.79097372424836743,0.91092009957566988,1.5117182306539865
0.72799999999999998,0.79051883332068507,0.91066381360076643,1.5104426307825760
0.72899999999999998,0.79006384110868078,0.91040705650737230,1.5091654057921255
0.72999999999999998,0.78960874886493748,0.91014982716404169,1.5078865538210418
0.73099999999999998,0.78915355783962893,0.90989212443048995,1.5066060729815975
0.73199999999999998,0.78869826928051789,0.90963394715751211,1.5053239613596883
0.73299999999999998,0.78824288443295187,0.90937529418689789,1.5040402170145759
0.73399999999999999,0.78778740453986118,0.90911616435135112,1.5027548379786571
0.73499999999999999,0.78733183084175618,0.90885655647440255,1.5014678222572015
0.73599999999999999,0.78687616457672360,0.90859646937032579,1.5001791678281027
0.73699999999999999,0.78642040698042492,0.90833590184404955,1.4988888726416207
0.73799999999999999,0.78596455928609266,0.90807485269106980,1.4975969346201172
0.73899999999999999,0.78550862272452882,0.90781332069736176,1.4963033516578013
0.73999999999999999,0.78505259852410114,0.90755130463928879,1.4950081216204558
0.74099999999999999,0.78459648791074110,0.90728880328351114,1.4937112423451651
0.74199999999999999,0.78414029210794156,0.90702581538689331,1.4924127116400439
0.74299999999999999,0.78368401233675367,0.90676233969641140,1.4911125272839605
0.74399999999999999,0.78322764981578474,0.90649837494905705,1.4898106870262540
0.74500000000000000,0.78277120576119608,0.90623391987174262,1.4885071885864507
0.74600000000000000,0.78231468138669968,0.90596897318120218,1.4872020296539705
0.74700000000000000,0.78185807790355699,0.90570353358389399,1.4858952078878389
0.74800000000000000,0.78140139652057583,0.90543759977590144,1.4845867209163930
0.74900000000000000,0.78094463844410833,0.90517117044282902,1.4832765663369687
0.75000000000000000,0.78048780487804881,0.90490424425970317,1.4819647417156130
0.75100000000000000,0.78003089702383110,0.90463681989086597,1.4806512445867608
0.75200000000000000,0.77957391608042714,0.90436889598987080,1.4793360724529308
0.75300000000000000,0.77911686324434393,0.90410047119937587,1.4780192227844047
0.75400000000000000,0.77865973970962232,0.90383154415103506,1.4767006930189046
0.75500000000000000,0.77820254666783395,0.90356211346538873,1.4753804805612654
0.75600000000000001,0.77774528530808040,0.90329217775175463,1.4740585827831176
0.75700000000000001,0.77728795681699026,0.90302173560811194,1.4727349970225319
0.75800000000000001,0.77683056237871728,0.90275078562098976,1.4714097205836945
0.75900000000000001,0.77637310317493891,0.90247932636535011,1.4700827507365535
0.76000000000000001,0.77591558038485420,0.90220735640447247,1.4687540847164815
0.76100000000000001,0.77545799518518133,0.90193487428983166,1.4674237197239031
0.76200000000000001,0.77500034875015700,0.90166187856098035,1.4660916529239489
0.76300000000000001,0.77454264225153346,0.90138836774542630,1.4647578814460913
0.76400000000000001,0.77408487685857785,0.90111434035850835,1.4634224023837716
0.76500000000000001,0.77362705373806928,0.90083979490326982,1.4620852127940207
0.76600000000000001,0.77316917405429808,0.90056472987033209,1.4607463096970836
0.76700000000000002,0.77271123896906413,0.90028914373776669,1.4594056900760390
0.76800000000000002,0.77225324964167441,0.90001303497096119,1.4580633508763923
0.76900000000000002,0.77179520722894257,0.89973640202248939,1.4567192890056933
0.77000000000000002,0.77133711288518636,0.89945924333197547,1.4553735013331268
0.77100000000000002,0.77087896776222709,0.89918155732595750,1.4540259846891062
0.77200000000000002,0.77042077300938683,0.89890334241774705,1.4526767358648478
0.77300000000000002,0.76996252977348867,0.89862459700729302,1.4513257516119711
0.77400000000000002,0.76950423919885369,0.89834531948103324,1.4499730286420456
0.77500000000000002,0.76904590242730109,0.89806550821175657,1.4486185636261855
0.77600000000000002,0.76858752059814550,0.89778516155844834,1.4472623531945774
0.77700000000000002,0.76812909484819658,0.89750427786614784,1.4459043939360587
0.77800000000000002,0.76767062631175709,0.89722285546579406,1.4445446823976529
0.77900000000000003,0.76721211612062257,0.89694089267407251,1.4431832150841080
0.78000000000000003,0.76675356540407913,0.89665838779326090,1.4418199884574343
0.78100000000000003,0.76629497528890278,0.89637533911106915,1.4404549989364219
0.78200000000000003,0.76583634689935831,0.89609174490048116,1.4390882428961658
0.78300000000000003,0.76537768135719830,0.89580760341959009,1.4377197166675699
0.78400000000000003,0.76491897978166146,0.89552291291143427,1.4363494165368509
0.78500000000000003,0.76446024328947237,0.89523767160382994,1.4349773387450373
0.78600000000000003,0.76400147299483989,0.89495187770919937,1.4336034794874493
0.78700000000000003,0.76354267000945653,0.89466552942439992,1.4322278349131841
0.78800000000000003,0.76308383544249703,0.89437862493054598,1.4308504011245753
0.78900000000000003,0.76262497040061838,0.89409116239283415,1.4294711741766712
0.79000000000000004,0.76216607598795771,0.89380313996035821,1.4280901500766694
0.79100000000000004,0.76170715330613270,0.89351455576592909,1.4267073247833768
0.79200000000000004,0.76124820345423982,0.89322540792588601,1.4253226942066364
0.79300000000000004,0.76078922752885381,0.89293569453990751,1.4239362542067562
0.79400000000000004,0.76033022662402738,0.89264541369081751,1.4225480005939199
0.79500000000000004,0.75987120183128953,0.89235456344439268,1.4211579291276071
0.79600000000000004,0.75941215423964614,0.89206314184916013,1.4197660355159765
0.79700000000000004,0.75895308493557812,0.89177114693619730,1.4183723154152583
0.79800000000000004,0.75849399500304149,0.89147857671892783,1.4169767644291402
0.79900000000000004,0.75803488552346665,0.89118542919291044,1.4155793781081203
0.80000000000000004,0.75757575757575757,0.89089170233562864,1.4141801519488684
0.80100000000000005,0.75711661223629156,0.89059739410627581,1.4127790813935774
0.80200000000000005,0.75665745057891864,0.89030250244553522,1.4113761618292890
0.80300000000000005,0.75619827367496106,0.89000702527535758,1.4099713885872183
0.80400000000000005,0.75573908259321276,0.88971096049873533,1.4085647569420641
0.80500000000000005,0.75527987839993960,0.88941430599947391,1.4071562621113183
0.80600000000000005,0.75482066215887766,0.88911705964195564,1.4057458992545357
0.80700000000000005,0.75436143493123431,0.88881921927090379,1.4043336634726218
0.80800000000000005,0.75390219777568690,0.88852078271114088,1.4029195498070914
0.80900000000000005,0.75344295174838316,0.88822174776734142,1.4015035532393116
0.81000000000000005,0.75298369790294029,0.88792211222378481,1.4000856686897503
0.81100000000000005,0.75252443729044549,0.88762187384409874,1.3986658910171863
0.81200000000000006,0.75206517095945469,0.88732103037100118,1.3972442150179205
0.81299999999999994,0.75160589995599358,0.88701957952603794,1.3958206354249736
0.81399999999999995,0.75114662532355647,0.88671751900931584,1.3943951469072657
0.81499999999999995,0.75068734810310689,0.88641484649922775,1.3929677440687716
0.81599999999999995,0.75022806933307729,0.88611155965218058,1.3915384214476911
0.81699999999999995,0.74976879004936858,0.88580765610230694,1.3901071735155535
0.81799999999999995,0.74930951128535050,0.88550313346118370,1.3886739946763587
0.81899999999999995,0.74885023407186202,0.88519798931753868,1.3872388792656756
0.81999999999999995,0.74839095943721012,0.88489222123695188,1.3858018215497157
0.82099999999999995,0.74793168840717106,0.88458582676155406,1.3843628157244086
0.82199999999999995,0.74747242200499009,0.88427880340972065,1.3829218559144576
0.82299999999999995,0.74701316125138151,0.88397114867575555,1.3814789361723632
0.82399999999999995,0.74655390716452852,0.88366286002957195,1.3800340504774335
0.82499999999999996,0.74609466076008391,0.88335393491637082,1.3785871927347992
0.82599999999999996,0.74563542305117003,0.88304437075630560,1.3771383567743651
0.82699999999999996,0.74517619504837873,0.88273416494414658,1.3756875363497794
0.82799999999999996,0.74471697775977219,0.88242331484893932,1.3742347251373712
0.82899999999999996,0.74425777219088285,0.88211181781365189,1.3727799167350585
0.82999999999999996,0.74379857934471350,0.88179967115481983,1.3713231046612453
0.83099999999999996,0.74333940022173817,0.88148687216218280,1.3698642823536920
0.83199999999999996,0.74288023581990204,0.88117341809831529,1.3684034431683709
0.83299999999999996,0.74242108713462207,0.88085930619824615,1.3669405803782784
0.83399999999999996,0.74196195515878727,0.88054453366908003,1.3654756871722606
0.83499999999999996,0.74150284088275908,0.88022909768959867,1.3640087566537671
0.83599999999999997,0.74104374529437222,0.87991299540986623,1.3625397818396225
0.83699999999999997,0.74058466937893463,0.87959622395082038,1.3610687556587495
0.83799999999999997,0.74012561411922839,0.87927878040385599,1.3595956709508676
0.83899999999999997,0.73966658049551004,0.87896066183040300,1.3581205204651754
0.83999999999999997,0.73920756948551158,0.87864186526149435,1.3566432968589974
0.84099999999999997,0.73874858206444027,0.87832238769732351,1.3551639926963976
0.84199999999999997,0.73828961920498026,0.87800222610679690,1.3536826004467781
0.84299999999999997,0.73783068187729206,0.87768137742707386,1.3521991124834334
0.84399999999999997,0.73737177104901452,0.87735983856310018,1.3507135210820893
0.84499999999999997,0.73691288768526453,0.87703760638712813,1.3492258184193917
0.84599999999999997,0.73645403274863797,0.87671467773823131,1.3477359965713822
0.84699999999999998,0.73599520719921074,0.87639104942180601,1.3462440475119268
0.84799999999999998,0.73553641199453945,0.87606671820906290,1.3447499631111162
0.84899999999999998,0.73507764808966192,0.87574168083650850,1.3432537351336262
0.84999999999999998,0.73461891643709820,0.87541593400541695,1.3417553552370569
0.85099999999999998,0.73416021798685194,0.87508947438128715,1.3402548149702112
0.85199999999999998,0.73370155368641010,0.87476229859329069,1.3387521057713514
0.85299999999999998,0.73324292448074480,0.87443440323370836,1.3372472189664149
0.85399999999999998,0.73278433131231424,0.87410578485735424,1.3357401457671922
0.85499999999999998,0.73232577512106267,0.87377643998098309,1.3342308772694405
0.85599999999999998,0.73186725684442255,0.87344636508269125,1.3327194044509878
0.85699999999999998,0.73140877741731514,0.87311555660130136,1.3312057181697778
0.85799999999999998,0.73095033777215113,0.87278401093573210,1.3296898091618623
0.85899999999999999,0.73049193883883201,0.87245172444435459,1.3281716680393520
0.85999999999999999,0.73003358154475106,0.87211869344433512,1.3266512852883239
0.86099999999999999,0.72957526681479479,0.87178491421096327,1.3251286512666771
0.86199999999999999,0.72911699557134346,0.87145038297696364,1.3236037562019360
0.86299999999999999,0.72865876873427238,0.87111509593179060,1.3220765901889928
0.86399999999999999,0.72820058722095349,0.87077904922090976,1.3205471431878117
0.86499999999999999,0.72774245194625620,0.87044223894506134,1.3190154050210687
0.86599999999999999,0.72728436382254846,0.87010466115950458,1.3174813653717292
0.86699999999999999,0.72682632375969813,0.86976631187324571,1.3159450137805686
0.86799999999999999,0.72636833266507450,0.86942718704824928,1.3144063396436403
0.86899999999999999,0.72591039144354896,0.86908728259862644,1.3128653322096637
0.87000000000000000,0.72545250099749725,0.86874659438980828,1.3113219805773659
0.87100000000000000,0.72499466222679942,0.86840511823769528,1.3097762736927365
0.87200000000000000,0.72453687602884231,0.86806284990778659,1.3082282003462196
0.87300000000000000,0.72407914329852086,0.86771978511429215,1.3066777491698480
0.87400000000000000,0.72362146492823853,0.86737591951921444,1.3051249086342720
0.87500000000000000,0.72316384180790960,0.86703124873141513,1.3035696670457388
0.87600000000000000,0.72270627482496053,0.86668576830565491,1.3020120125429844
0.87700000000000000,0.72224876486433098,0.86633947374160813,1.3004519330940332
0.87800000000000000,0.72179131280847553,0.86599236048285222,1.2988894164929168
0.87900000000000000,0.72133391953736525,0.86564442391583440,1.2973244503563182
0.88000000000000000,0.72087658592848902,0.86529565936880648,1.2957570221201007
0.88100000000000001,0.72041931285685523,0.86494606211073444,1.2941871190357577
0.88200000000000001,0.71996210119499304,0.86459562735018158,1.2926147281667690
0.88300000000000001,0.71950495181295471,0.86424435023415591,1.2910398363848368
0.88400000000000001,0.71904786557831579,0.86389222584693093,1.2894624303660291
0.88500000000000001,0.71859084335617862,0.86353924920883440,1.2878824965868167
0.88600000000000001,0.71813388600917205,0.86318541527500237,1.2863000213199898
0.88700000000000001,0.71767699439745458,0.86283071893409891,1.2847149906304560
0.88800000000000001,0.71722016937871524,0.86247515500700234,1.2831273903709277
0.88900000000000001,0.71676341180817549,0.86211871824545161,1.2815372061774675
0.89000000000000001,0.71630672253859107,0.86176140333065843,1.2799444234649215
0.89100000000000001,0.71585010242025349,0.86140320487187483,1.2783490274221956
0.89200000000000002,0.71539355230099189,0.86104411740492337,1.2767510030074032
0.89300000000000002,0.71493707302617482,0.86068413539068511,1.2751503349428728
0.89400000000000002,0.71448066543871258,0.86032325321353997,1.2735470077099831
0.89500000000000002,0.71402433037905766,0.85996146517976346,1.2719410055438549
0.89600000000000002,0.71356806868520806,0.85959876551587555,1.2703323124278745
0.89700000000000002,0.71311188119270807,0.85923514836693937,1.2687209120880429
0.89800000000000002,0.71265576873465120,0.85887060779480839,1.2671067879871480
0.89900000000000002,0.71219973214168075,0.85850513777632054,1.2654899233187522
0.90000000000000002,0.71174377224199292,0.85813873220143544,1.2638703010009844
0.90100000000000002,0.71128788986133795,0.85777138487131488,1.2622479036701297
0.90200000000000002,0.71083208582302282,0.85740308949634136,1.2606227136740118
0.90300000000000002,0.71037636094791201,0.85703383969407410,1.2589947130651480
0.90400000000000003,0.70992071605443097,0.85666362898714232,1.2573638835936951
0.90500000000000003,0.70946515195856730,0.85629245080106453,1.2557302067001295
0.90600000000000003,0.70900966947387234,0.85592029846199957,1.2540936635076911
0.90700000000000003,0.70855426941146415,0.85554716519442586,1.2524542348145800
0.90800000000000003,0.70809895258002942,0.85517304411873785,1.2508119010858552
0.90900000000000003,0.70764371978582463,0.85479792824876433,1.2491666424450676
0.91000000000000003,0.70718857183267914,0.85442181048920152,1.2475184386655862
0.91100000000000003,0.70673350952199721,0.85404468363295916,1.2458672691616270
0.91200000000000003,0.70627853365275961,0.85366654035840950,1.2442131129789282
0.91300000000000003,0.70582364502152584,0.85328737322654402,1.2425559487851137
0.91400000000000003,0.70536884442243686,0.85290717467802923,1.2408957548596911
0.91500000000000004,0.70491413264721692,0.85252593703014867,1.2392325090836485
0.91600000000000004,0.70445951048517530,0.85214365247364565,1.2375661889287062
0.91700000000000004,0.70400497872320944,0.85176031306943856,1.2358967714461102
0.91800000000000004,0.70355053814580659,0.85137591074522112,1.2342242332550224
0.91900000000000004,0.70309618953504593,0.85099043729192891,1.2325485505304314
0.92000000000000004,0.70264193367060146,0.85060388436007661,1.2308696989906105
0.92100000000000004,0.70218777132974353,0.85021624345594982,1.2291876538840503
0.92200000000000004,0.70173370328734175,0.84982750593764711,1.2275023899758633
0.92300000000000004,0.70127973031586688,0.84943766301097190,1.2258138815336508
0.92400000000000004,0.70082585318539370,0.84904670572515273,1.2241221023127562
0.92500000000000004,0.70037207266360257,0.84865462496839095,1.2224270255409015
0.92600000000000005,0.69991838951578245,0.84826141146323053,1.2207286239021864
0.92700000000000005,0.69946480450483306,0.84786705576173027,1.2190268695203796
0.92800000000000005,0.69901131839126740,0.84747154824043336,1.2173217339414812
0.92900000000000005,0.69855793193321369,0.84707487909512214,1.2156131881155130
0.93000000000000005,0.69810464588641841,0.84667703833534724,1.2139012023774980
0.93100000000000005,0.69765146100424824,0.84627801577871475,1.2121857464275656
0.93200000000000005,0.69719837803769336,0.84587780104491883,1.2104667893101408
0.93300000000000005,0.69674539773536837,0.84547638354950472,1.2087442993921540
0.93400000000000005,0.69629252084351667,0.84507375249734951,1.2070182443402369
0.93500000000000005,0.69583974810601112,0.84466989687583338,1.2052885910967883
0.93600000000000005,0.69538708026435836,0.84426480544769600,1.2035553058549060
0.93700000000000006,0.69493451805769968,0.84385846674354359,1.2018183540320428
0.93799999999999994,0.69448206222281483,0.84345086905399880,1.2000777002423668
0.93899999999999995,0.69402971349412390,0.84304200042145760,1.1983333082676899
0.93999999999999995,0.69357747260368985,0.84263184863143326,1.1965851410268873
0.94099999999999995,0.69312534028122175,0.84222040120346364,1.1948331605437275
0.94199999999999995,0.69267331725407677,0.84180764538154296,1.1930773279129587
0.94299999999999995,0.69222140424726286,0.84139356812404820,1.1913176032645452
0.94399999999999995,0.69176960198344184,0.84097815609313331,1.1895539457259541
0.94499999999999995,0.69131791118293140,0.84056139564353527,1.1877863133822810
0.94599999999999995,0.69086633256370833,0.84014327281076895,1.1860146632341289
0.94699999999999995,0.69041486684141073,0.83972377329865000,1.1842389511530123
0.94799999999999995,0.68996351472934114,0.83930288246610052,1.1824591318341173
0.94899999999999995,0.68951227693846895,0.83888058531318499,1.1806751587462216
0.94999999999999996,0.68906115417743330,0.83845686646631168,1.1788869840785272
0.95099999999999996,0.68861014715254543,0.83803171016252964,1.1770945586841435
0.95199999999999996,0.68815925656779198,0.83760510023286172,1.1752978320200023
0.95299999999999996,0.68770848312483734,0.83717702008457251,1.1734967520828135
0.95399999999999996,0.68725782752302655,0.83674745268229200,1.1716912653407705
0.95499999999999996,0.68680729045938826,0.83631638052790491,1.1698813166606592
0.95599999999999996,0.68635687262863698,0.83588378563906796,1.1680668492298538
0.95699999999999996,0.68590657472317673,0.83544964952626433,1.1662478044728515
0.95799999999999996,0.68545639743310283,0.83501395316822680,1.1644241219617084
0.95899999999999996,0.68500634144620598,0.83457667698560511,1.1625957393199065
0.95999999999999996,0.68455640744797375,0.83413780081267908,1.1607625921188922
0.96099999999999997,0.68410659612159441,0.83369730386694119,1.1589246137666203
0.96199999999999997,0.68365690814795987,0.83325516471632710,1.1570817353872560
0.96299999999999997,0.68320734420566731,0.83281136124383970,1.1552338856910671
0.96399999999999997,0.68275790497102373,0.83236587060930001,1.1533809908334878
0.96499999999999997,0.68230859111804787,0.83191866920790103,1.1515229742621158
0.96599999999999997,0.68185940331847339,0.83146973262520907,1.1496597565502873
0.96699999999999997,0.68141034224175145,0.83101903558819712,1.1477912552156349
0.96799999999999997,0.68096140855505438,0.83056655191185336,1.1459173845218822
0.96899999999999997,0.68051260292327798,0.83011225444082337,1.1440380552618046
0.96999999999999997,0.68006392600904486,0.82965611498547176,1.1421531745189932
0.97099999999999997,0.67961537847270714,0.82919810425167884,1.1402626454058122
0.97199999999999998,0.67916696097234974,0.82873819176356200,1.1383663667744330
0.97299999999999998,0.67871867416379317,0.82827634577821996,1.1364642328975005
0.97399999999999998,0.67827051870059651,0.82781253319148407,1.1345561331145457
0.97499999999999998,0.67782249523406057,0.82734671943351401,1.1326419514397059
0.97599999999999998,0.67737460441323105,0.82687886835298519,1.1307215661259882
0.97699999999999998,0.67692684688490112,0.82640894208849713,1.1287948491808852
0.97799999999999998,0.67647922329361498,0.82593690092578498,1.1268616658280228
0.97899999999999998,0.67603173428167063,0.82546270313935199,1.1249218739097189
0.97999999999999998,0.67558438048912306,0.82498630481731372,1.1229753232261119
0.98099999999999998,0.67513716255378731,0.82450765966870254,1.1210218548084374
0.98199999999999998,0.67469008111124151,0.82402671881329204,1.1190613001273775
0.98299999999999998,0.67424313679483028,0.82354343055545653,1.1170934802433528
0.98399999999999999,0.67379633023566698,0.82305774014594002,1.1151182049151602
0.98499999999999999,0.67334966206263835,0.82256958953904569,1.1131352716980121
0.98599999999999999,0.67290313290240622,0.82207891715822801,1.1111444650839148
0.98699999999999999,0.67245674337941119,0.82158565769092473,1.1091455557686767
0.98799999999999999,0.67201049411587610,0.82108974194427098,1.1071383001727106
0.98899999999999999,0.67156438573180877,0.82059109680749831,1.1051224403987687
0.98999999999999999,0.67111841884500512,0.82008964538415219,1.1030977048778352
0.99099999999999999,0.67067259407105306,0.81958530737646285,1.1010638100292345
0.99199999999999999,0.67022691202333462,0.81907799982200158,1.0990204633292222
0.99299999999999999,0.66978137331303000,0.81856763829332935,1.0969673682206584
0.99399999999999999,0.66933597854912052,0.81805413866538024,1.0949042312676445
0.99500000000000000,0.66889072833839180,0.81753741952167269,1.0928307718194221
0.99600000000000000,0.66844562328543700,0.81701740519843047,1.0907467341559978
0.99700000000000000,0.66800066399266000,0.81649402935211457,1.0886519016330838
0.99800000000000000,0.66755585106027893,0.81596723879229993,1.0865461117745046
0.99900000000000000,0.66711118508632916,0.81543699718045060,1.0844292707063723
